# 
#     height           ug           vg         wfls      dqtdxls      dqtdyls      dqtdtls      dthlrad
          20         2.48            0            0            0            0            0            0
          60         2.44            0            0            0            0            0            0
         100          2.4            0            0            0            0            0            0
         140         2.36            0            0            0            0            0            0
         180         2.32            0            0            0            0            0            0
         220         2.28            0            0            0            0            0            0
         260         2.24            0            0            0            0            0            0
         300          2.2            0            0            0            0            0            0
         340         2.16            0            0            0            0            0            0
         380         2.12            0            0            0            0            0            0
         420         2.08            0            0            0            0            0            0
         460         2.04            0            0            0            0            0            0
         500            2            0            0            0            0            0            0
         540         1.96            0            0            0            0            0            0
         580         1.92            0            0            0            0            0            0
         620         1.88            0            0            0            0            0            0
         660         1.84            0            0            0            0            0            0
         700          1.8            0            0            0            0            0            0
         740         1.76            0            0            0            0            0            0
         780      1.71895            0            0            0            0            0            0
         820      1.67428            0            0            0            0            0            0
         860      1.62588            0            0            0            0            0            0
         900      1.57377            0            0            0            0            0            0
         940      1.51795            0            0            0            0            0            0
         980      1.45847            0            0            0            0            0            0
        1020      1.39534            0            0            0            0            0            0
        1060      1.32859            0            0            0            0            0            0
        1100      1.25828            0            0            0            0            0            0
        1140      1.18444            0            0            0            0            0            0
        1180      1.10713            0            0            0            0            0            0
        1220       1.0264            0            0            0            0            0            0
        1260     0.942306            0            0            0            0            0            0
        1300     0.854924            0            0            0            0            0            0
        1340     0.764321            0            0            0            0            0            0
        1380     0.670572            0            0            0            0            0            0
        1420     0.573757            0            0            0            0            0            0
        1460     0.473963            0            0            0            0            0            0
        1500     0.371277            0            0            0            0            0            0
        1540     0.265794            0            0            0            0            0            0
        1580     0.157611            0            0            0            0            0            0
        1620    0.0468315            0            0            0            0            0            0
        1660     -0.06644            0            0            0            0            0            0
        1700    -0.182094            0            0            0            0            0            0
        1740    -0.300016            0            0            0            0            0            0
        1780    -0.420092            0            0            0            0            0            0
        1820      -0.5422            0            0            0            0            0            0
        1860    -0.666218            0            0            0            0            0            0
        1900    -0.792021            0            0            0            0            0            0
        1940     -0.91948            0            0            0            0            0            0
        1980     -1.04846            0            0            0            0            0            0
        2020     -1.17884            0            0            0            0            0            0
        2060     -1.31048            0            0            0            0            0            0
        2100     -1.44323            0            0            0            0            0            0
        2140     -1.57697            0            0            0            0            0            0
        2180     -1.71155            0            0            0            0            0            0
        2220     -1.84683            0            0            0            0            0            0
        2260     -1.98266            0            0            0            0            0            0
        2300     -2.11891            0            0            0            0            0            0
        2340     -2.25543            0            0            0            0            0            0
        2380     -2.39208            0            0            0            0            0            0
        2420     -2.52871            0            0            0            0            0            0
        2460     -2.66518            0            0            0            0            0            0
        2500     -2.80134            0            0            0            0            0            0
        2540     -2.93705            0            0            0            0            0            0
        2580     -3.07217            0            0            0            0            0            0
        2620     -3.20655            0            0            0            0            0            0
        2660     -3.34005            0            0            0            0            0            0
        2700     -3.47254            0            0            0            0            0            0
        2740     -3.60388            0            0            0            0            0            0
        2780     -3.73392            0            0            0            0            0            0
        2820     -3.86253            0            0            0            0            0            0
        2860     -3.98959            0            0            0            0            0            0
        2900     -4.11496            0            0            0            0            0            0
        2940     -4.23851            0            0            0            0            0            0
        2980     -4.36012            0            0            0            0            0            0
        3020     -4.47967            0            0            0            0            0            0
      3060.4      -4.5982            0            0            0            0            0            0
     3101.61     -4.71668            0            0            0            0            0            0
     3143.64     -4.83489            0            0            0            0            0            0
     3186.51     -4.95259            0            0            0            0            0            0
     3230.24     -5.06952            0            0            0            0            0            0
     3274.85      -5.1854            0            0            0            0            0            0
     3320.35     -5.29994            0            0            0            0            0            0
     3366.75     -5.41282            0            0            0            0            0            0
     3414.09     -5.52372            0            0            0            0            0            0
     3462.37     -5.63229            0            0            0            0            0            0
     3511.62     -5.73816            0            0            0            0            0            0
     3561.85     -5.84095            0            0            0            0            0            0
     3613.09     -5.94026            0            0            0            0            0            0
     3665.35     -6.03568            0            0            0            0            0            0
     3718.65     -6.12677            0            0            0            0            0            0
     3773.03      -6.2131            0            0            0            0            0            0
     3828.49     -6.29421            0            0            0            0            0            0
     3885.06     -6.36964            0            0            0            0            0            0
     3942.76     -6.43893            0            0            0            0            0            0
     4001.61     -6.50161            0            0            0            0            0            0
     4061.65     -6.55721            0            0            0            0            0            0
     4122.88     -6.60526            0            0            0            0            0            0
     4185.34     -6.64532            0            0            0            0            0            0
     4249.04     -6.67695            0            0            0            0            0            0
     4314.02     -6.69973            0            0            0            0            0            0
      4380.3     -6.71327            0            0            0            0            0            0
     4447.91     -6.71722            0            0            0            0            0            0
     4516.87     -6.71127            0            0            0            0            0            0
     4587.21     -6.69516            0            0            0            0            0            0
     4658.95      -6.6687            0            0            0            0            0            0
     4732.13     -6.63176            0            0            0            0            0            0
     4806.77      -6.5843            0            0            0            0            0            0
     4882.91     -6.52636            0            0            0            0            0            0
     4960.57     -6.45811            0            0            0            0            0            0
     5039.78      -6.3798            0            0            0            0            0            0
     5120.57     -6.29184            0            0            0            0            0            0
     5202.98     -6.19478            0            0            0            0            0            0
     5287.04      -6.0893            0            0            0            0            0            0
     5372.78     -5.97627            0            0            0            0            0            0
     5460.24     -5.85672            0            0            0            0            0            0
     5549.44     -5.73187            0            0            0            0            0            0
     5640.43     -5.60314            0            0            0            0            0            0
     5733.24     -5.47214            0            0            0            0            0            0
     5827.91      -5.3407            0            0            0            0            0            0
     5924.47     -5.21084            0            0            0            0            0            0
     6022.95      -5.0848            0            0            0            0            0            0
     6123.41       -4.965            0            0            0            0            0            0
     6225.88     -4.85407            0            0            0            0            0            0
      6330.4     -4.75478            0            0            0            0            0            0
     6437.01     -4.67008            0            0            0            0            0            0
     6545.75     -4.60301            0            0            0            0            0            0
     6656.66     -4.55671            0            0            0            0            0            0
      6769.8     -4.53433            0            0            0            0            0            0
     6885.19     -4.53903            0            0            0            0            0            0
      7002.9     -4.57388            0            0            0            0            0            0
     7122.95     -4.64178            0            0            0            0            0            0
     7245.41     -4.74544            0            0            0            0            0            0
     7370.32     -4.87032            0            0            0            0            0            0
     7497.73     -4.99773            0            0            0            0            0            0
     7627.68     -5.12768            0            0            0            0            0            0
     7760.24     -5.26024            0            0            0            0            0            0
     7895.44     -5.39544            0            0            0            0            0            0
     8033.35     -5.53335            0            0            0            0            0            0
     8174.02     -5.67402            0            0            0            0            0            0
      8317.5      -5.8175            0            0            0            0            0            0
     8463.85     -5.96385            0            0            0            0            0            0
     8613.12     -6.11312            0            0            0            0            0            0
     8765.39     -6.26539            0            0            0            0            0            0
     8920.69     -6.42069            0            0            0            0            0            0
     9079.11     -6.57911            0            0            0            0            0            0
     9240.69     -6.74069            0            0            0            0            0            0
      9405.5      -6.9055            0            0            0            0            0            0
     9573.61     -7.07361            0            0            0            0            0            0
     9745.09     -7.24509            0            0            0            0            0            0
     9919.99     -7.41999            0            0            0            0            0            0
     10098.4     -7.59839            0            0            0            0            0            0
     10280.4     -7.78036            0            0            0            0            0            0
       10466     -7.96596            0            0            0            0            0            0
     10655.3     -8.15528            0            0            0            0            0            0
     10848.4     -8.34839            0            0            0            0            0            0
     11045.4     -8.54535            0            0            0            0            0            0
     11246.3     -8.74626            0            0            0            0            0            0
     11451.2     -8.95119            0            0            0            0            0            0
     11660.2     -9.16021            0            0            0            0            0            0
     11873.4     -9.37342            0            0            0            0            0            0
     12090.9     -9.59088            0            0            0            0            0            0
     12312.7      -9.8127            0            0            0            0            0            0
       12539      -10.039            0            0            0            0            0            0
     12769.7     -10.2697            0            0            0            0            0            0
     13005.1     -10.5051            0            0            0            0            0            0
     13245.2     -10.7452            0            0            0            0            0            0
     13490.1     -10.9901            0            0            0            0            0            0
     13739.9     -11.2399            0            0            0            0            0            0
     13994.7     -11.4947            0            0            0            0            0            0
     14254.6     -11.7546            0            0            0            0            0            0
     14519.7     -12.0197            0            0            0            0            0            0
     14790.1     -12.2901            0            0            0            0            0            0
     15076.8     -12.5768            0            0            0            0            0            0
     15392.2     -12.8922            0            0            0            0            0            0
     15739.2     -13.2011            0            0            0            0            0            0
     16120.8     -13.3582            0            0            0            0            0            0
     16540.6     -13.2888            0            0            0            0            0            0
     17002.4     -12.9156            0            0            0            0            0            0
     17494.3     -12.1866            0            0            0            0            0            0
     17994.3     -11.1265            0            0            0            0            0            0
     18494.3     -9.79673            0            0            0            0            0            0
     18994.3     -8.26837            0            0            0            0            0            0
     19494.3     -6.62768            0            0            0            0            0            0
     19994.3      -4.9722            0            0            0            0            0            0
     20494.3     -3.40565            0            0            0            0            0            0
     20994.3     -2.03231            0            0            0            0            0            0
     21494.3    -0.951153            0            0            0            0            0            0
     21994.3    -0.249999            0            0            0            0            0            0
     22494.3 -3.31565e-05            0            0            0            0            0            0
     22994.3            0            0            0            0            0            0            0
     23494.3            0            0            0            0            0            0            0
     23994.3            0            0            0            0            0            0            0
     24494.3            0            0            0            0            0            0            0
     24994.3            0            0            0            0            0            0            0
     25494.3            0            0            0            0            0            0            0
     25994.3            0            0            0            0            0            0            0
     26494.3            0            0            0            0            0            0            0
     26994.3            0            0            0            0            0            0            0
     27494.3            0            0            0            0            0            0            0
