
      z (m)          factor (-)         u (m s-1)         v (m s-1)         w (m s-1)          thl (K)        qt (kg kg-1)        factor thl (-)    
# 0.00000000E+00
+2.0000000000e+01 +6.0429954982e+05 +2.4800000000e+00 +0.0000000000e+00 +0.0000000000e+00 +2.9900000000e+02 +1.6630954234e-02 +5.9957644023e+05
+6.0000000000e+01 +6.0413866661e+05 +2.4400000000e+00 +0.0000000000e+00 +0.0000000000e+00 +2.9900000000e+02 +1.6668765949e-02 +5.9875566216e+05
+1.0000000000e+02 +6.0397695895e+05 +2.4000000000e+00 +0.0000000000e+00 +0.0000000000e+00 +2.9900000000e+02 +1.6698689039e-02 +5.9792948951e+05
+1.4000000000e+02 +6.0381442049e+05 +2.3600000000e+00 +0.0000000000e+00 +0.0000000000e+00 +2.9900000000e+02 +1.6720963460e-02 +5.9709787087e+05
+1.8000000000e+02 +6.0365104484e+05 +2.3200000000e+00 +0.0000000000e+00 +0.0000000000e+00 +2.9900000000e+02 +1.6735824525e-02 +5.9626075421e+05
+2.2000000000e+02 +6.0348682552e+05 +2.2800000000e+00 +0.0000000000e+00 +0.0000000000e+00 +2.9900000000e+02 +1.6743502966e-02 +5.9541808690e+05
+2.6000000000e+02 +6.0332175600e+05 +2.2400000000e+00 +0.0000000000e+00 +0.0000000000e+00 +2.9900000000e+02 +1.6744224999e-02 +5.9456981561e+05
+3.0000000000e+02 +6.0315582967e+05 +2.2000000000e+00 +0.0000000000e+00 +0.0000000000e+00 +2.9900000000e+02 +1.6738212380e-02 +5.9371588642e+05
+3.4000000000e+02 +6.0298903988e+05 +2.1600000000e+00 +0.0000000000e+00 +0.0000000000e+00 +2.9900000000e+02 +1.6725682473e-02 +5.9285624472e+05
+3.8000000000e+02 +6.0282137986e+05 +2.1200000000e+00 +0.0000000000e+00 +0.0000000000e+00 +2.9900000000e+02 +1.6706848309e-02 +5.9199083522e+05
+4.2000000000e+02 +6.0265284282e+05 +2.0800000000e+00 +0.0000000000e+00 +0.0000000000e+00 +2.9900000000e+02 +1.6681918642e-02 +5.9111960199e+05
+4.6000000000e+02 +6.0248342187e+05 +2.0400000000e+00 +0.0000000000e+00 +0.0000000000e+00 +2.9900000000e+02 +1.6651098015e-02 +5.9024248838e+05
+5.0000000000e+02 +6.0231311005e+05 +2.0000000000e+00 +0.0000000000e+00 +0.0000000000e+00 +2.9900000000e+02 +1.6614586814e-02 +5.8935943706e+05
+5.4000000000e+02 +6.0214190035e+05 +1.9600000000e+00 +0.0000000000e+00 +0.0000000000e+00 +2.9920000000e+02 +1.6432861391e-02 +5.8847038998e+05
+5.8000000000e+02 +6.0196978566e+05 +1.9200000000e+00 +0.0000000000e+00 +0.0000000000e+00 +2.9940000000e+02 +1.6252633442e-02 +5.8757528839e+05
+6.2000000000e+02 +6.0179675880e+05 +1.8800000000e+00 +0.0000000000e+00 +0.0000000000e+00 +2.9960000000e+02 +1.6073897574e-02 +5.8667407279e+05
+6.6000000000e+02 +6.0162281252e+05 +1.8400000000e+00 +0.0000000000e+00 +0.0000000000e+00 +2.9980000000e+02 +1.5896648321e-02 +5.8576668297e+05
+7.0000000000e+02 +6.0144793949e+05 +1.8000000000e+00 +0.0000000000e+00 +0.0000000000e+00 +3.0000000000e+02 +1.5720880142e-02 +5.8485305794e+05
+7.4000000000e+02 +6.0127213232e+05 +1.7600000000e+00 +0.0000000000e+00 +0.0000000000e+00 +3.0020000000e+02 +1.5546587429e-02 +5.8393313599e+05
+7.8000000000e+02 +6.0109538350e+05 +1.7189488732e+00 +0.0000000000e+00 +0.0000000000e+00 +3.0040000000e+02 +1.5373764502e-02 +5.8300685461e+05
+8.2000000000e+02 +6.0091768549e+05 +1.6742789808e+00 +0.0000000000e+00 +0.0000000000e+00 +3.0060000000e+02 +1.5202405613e-02 +5.8207415052e+05
+8.6000000000e+02 +6.0073903062e+05 +1.6258805044e+00 +0.0000000000e+00 +0.0000000000e+00 +3.0080000000e+02 +1.5032504947e-02 +5.8113495965e+05
+9.0000000000e+02 +6.0055941118e+05 +1.5737659986e+00 +0.0000000000e+00 +0.0000000000e+00 +3.0100000000e+02 +1.4864056622e-02 +5.8018921712e+05
+9.4000000000e+02 +6.0037881935e+05 +1.5179535728e+00 +0.0000000000e+00 +0.0000000000e+00 +3.0120000000e+02 +1.4697054694e-02 +5.7923685724e+05
+9.8000000000e+02 +6.0019724724e+05 +1.4584668642e+00 +0.0000000000e+00 +0.0000000000e+00 +3.0140000000e+02 +1.4531493151e-02 +5.7827781350e+05
+1.0200000000e+03 +6.0001468686e+05 +1.3953350027e+00 +0.0000000000e+00 +0.0000000000e+00 +3.0160000000e+02 +1.4367365922e-02 +5.7731201855e+05
+1.0600000000e+03 +5.9983113015e+05 +1.3285925670e+00 +0.0000000000e+00 +0.0000000000e+00 +3.0180000000e+02 +1.4204666873e-02 +5.7633940419e+05
+1.1000000000e+03 +5.9964656896e+05 +1.2582795331e+00 +0.0000000000e+00 +0.0000000000e+00 +3.0200000000e+02 +1.4043389813e-02 +5.7535990135e+05
+1.1400000000e+03 +5.9946099502e+05 +1.1844412147e+00 +0.0000000000e+00 +0.0000000000e+00 +3.0220000000e+02 +1.3883528489e-02 +5.7437344010e+05
+1.1800000000e+03 +5.9927440003e+05 +1.1071281951e+00 +0.0000000000e+00 +0.0000000000e+00 +3.0240000000e+02 +1.3725076591e-02 +5.7337994962e+05
+1.2200000000e+03 +5.9908677553e+05 +1.0263962518e+00 +0.0000000000e+00 +0.0000000000e+00 +3.0260000000e+02 +1.3568027754e-02 +5.7237935819e+05
+1.2600000000e+03 +5.9889811303e+05 +9.4230627312e-01 +0.0000000000e+00 +0.0000000000e+00 +3.0280000000e+02 +1.3412375558e-02 +5.7137159316e+05
+1.3000000000e+03 +5.9870840390e+05 +8.5492416720e-01 +0.0000000000e+00 +0.0000000000e+00 +3.0300000000e+02 +1.3258113528e-02 +5.7035658100e+05
+1.3400000000e+03 +5.9851763943e+05 +7.6432076338e-01 +0.0000000000e+00 +0.0000000000e+00 +3.0320000000e+02 +1.3105235138e-02 +5.6933424720e+05
+1.3800000000e+03 +5.9832581083e+05 +6.7057170638e-01 +0.0000000000e+00 +0.0000000000e+00 +3.0340000000e+02 +1.2953733808e-02 +5.6830451633e+05
+1.4200000000e+03 +5.9813290918e+05 +5.7375734322e-01 +0.0000000000e+00 +0.0000000000e+00 +3.0360000000e+02 +1.2803602910e-02 +5.6726731196e+05
+1.4600000000e+03 +5.9793892550e+05 +4.7396260309e-01 +0.0000000000e+00 +0.0000000000e+00 +3.0380000000e+02 +1.2654835767e-02 +5.6622255673e+05
+1.5000000000e+03 +5.9774385067e+05 +3.7127687043e-01 +0.0000000000e+00 +0.0000000000e+00 +3.0400000000e+02 +1.2507425652e-02 +5.6517017226e+05
+1.5400000000e+03 +5.9754767548e+05 +2.6579385128e-01 +0.0000000000e+00 +0.0000000000e+00 +3.0420000000e+02 +1.2361365795e-02 +5.6411007915e+05
+1.5800000000e+03 +5.9735039064e+05 +1.5761143322e-01 +0.0000000000e+00 +0.0000000000e+00 +3.0440000000e+02 +1.2216649378e-02 +5.6304219702e+05
+1.6200000000e+03 +5.9715198673e+05 +4.6831539035e-02 +0.0000000000e+00 +0.0000000000e+00 +3.0460000000e+02 +1.2073269539e-02 +5.6196644443e+05
+1.6600000000e+03 +5.9695245423e+05 -6.6440025628e-02 +0.0000000000e+00 +0.0000000000e+00 +3.0480000000e+02 +1.1931219373e-02 +5.6088273890e+05
+1.7000000000e+03 +5.9675178351e+05 -1.8209373045e-01 +0.0000000000e+00 +0.0000000000e+00 +3.0500000000e+02 +1.1790491935e-02 +5.5979099688e+05
+1.7400000000e+03 +5.9654996484e+05 -3.0001648416e-01 +0.0000000000e+00 +0.0000000000e+00 +3.0520000000e+02 +1.1651080238e-02 +5.5869113376e+05
+1.7800000000e+03 +5.9634698836e+05 -4.2009180359e-01 +0.0000000000e+00 +0.0000000000e+00 +3.0540000000e+02 +1.1512977255e-02 +5.5758306381e+05
+1.8200000000e+03 +5.9614284413e+05 -5.4219998779e-01 +0.0000000000e+00 +0.0000000000e+00 +3.0560000000e+02 +1.1376175921e-02 +5.5646670023e+05
+1.8600000000e+03 +5.9593752205e+05 -6.6621829697e-01 +0.0000000000e+00 +0.0000000000e+00 +3.0580000000e+02 +1.1240669135e-02 +5.5534195506e+05
+1.9000000000e+03 +5.9573101195e+05 -7.9202113600e-01 +0.0000000000e+00 +0.0000000000e+00 +3.0600000000e+02 +1.1106449760e-02 +5.5420873922e+05
+1.9400000000e+03 +5.9552330351e+05 -9.1948024213e-01 +0.0000000000e+00 +0.0000000000e+00 +3.0620000000e+02 +1.0973510623e-02 +5.5306696248e+05
+1.9800000000e+03 +5.9531438631e+05 -1.0484648767e+00 +0.0000000000e+00 +0.0000000000e+00 +3.0640000000e+02 +1.0841844518e-02 +5.5191653344e+05
+2.0200000000e+03 +5.9510424980e+05 -1.1788420207e+00 +0.0000000000e+00 +0.0000000000e+00 +3.0660000000e+02 +1.0711444207e-02 +5.5075735949e+05
+2.0600000000e+03 +5.9489288331e+05 -1.3104765734e+00 +0.0000000000e+00 +0.0000000000e+00 +3.0680000000e+02 +1.0582302421e-02 +5.4958934687e+05
+2.1000000000e+03 +5.9468027604e+05 -1.4432315545e+00 +0.0000000000e+00 +0.0000000000e+00 +3.0700000000e+02 +1.0454411860e-02 +5.4841240054e+05
+2.1400000000e+03 +5.9446641708e+05 -1.5769683088e+00 +0.0000000000e+00 +0.0000000000e+00 +3.0720000000e+02 +1.0327765196e-02 +5.4722642428e+05
+2.1800000000e+03 +5.9425129537e+05 -1.7115467135e+00 +0.0000000000e+00 +0.0000000000e+00 +3.0740000000e+02 +1.0202355073e-02 +5.4603132058e+05
+2.2200000000e+03 +5.9403489973e+05 -1.8468253877e+00 +0.0000000000e+00 +0.0000000000e+00 +3.0760000000e+02 +1.0078174106e-02 +5.4482699068e+05
+2.2600000000e+03 +5.9381721885e+05 -1.9826619036e+00 +0.0000000000e+00 +0.0000000000e+00 +3.0780000000e+02 +9.9552148889e-03 +5.4361333455e+05
+2.3000000000e+03 +5.9359824130e+05 -2.1189129996e+00 +0.0000000000e+00 +0.0000000000e+00 +3.0800000000e+02 +9.8334699875e-03 +5.4239025083e+05
+2.3400000000e+03 +5.9337795548e+05 -2.2554347943e+00 +0.0000000000e+00 +0.0000000000e+00 +3.0820000000e+02 +9.7129319458e-03 +5.4115763685e+05
+2.3800000000e+03 +5.9315634967e+05 -2.3920830016e+00 +0.0000000000e+00 +0.0000000000e+00 +3.0840000000e+02 +9.5935932853e-03 +5.3991538863e+05
+2.4200000000e+03 +5.9293341203e+05 -2.5287131466e+00 +0.0000000000e+00 +0.0000000000e+00 +3.0860000000e+02 +9.4754465067e-03 +5.3866340081e+05
+2.4600000000e+03 +5.9270913055e+05 -2.6651807813e+00 +0.0000000000e+00 +0.0000000000e+00 +3.0880000000e+02 +9.3584840902e-03 +5.3740156666e+05
+2.5000000000e+03 +5.9248349308e+05 -2.8013417006e+00 +0.0000000000e+00 +0.0000000000e+00 +3.0900000000e+02 +9.2426984976e-03 +5.3612977807e+05
+2.5400000000e+03 +5.9225648734e+05 -2.9370521580e+00 +0.0000000000e+00 +0.0000000000e+00 +3.0920000000e+02 +9.1280821725e-03 +5.3484792554e+05
+2.5800000000e+03 +5.9202810088e+05 -3.0721690801e+00 +0.0000000000e+00 +0.0000000000e+00 +3.0940000000e+02 +9.0146275420e-03 +5.3355589812e+05
+2.6200000000e+03 +5.9179832111e+05 -3.2065502812e+00 +0.0000000000e+00 +0.0000000000e+00 +3.0960000000e+02 +8.9023270174e-03 +5.3225358344e+05
+2.6600000000e+03 +5.9156713530e+05 -3.3400546749e+00 +0.0000000000e+00 +0.0000000000e+00 +3.0980000000e+02 +8.7911729956e-03 +5.3094086766e+05
+2.7000000000e+03 +5.9133453054e+05 -3.4725424859e+00 +0.0000000000e+00 +0.0000000000e+00 +3.1000000000e+02 +8.6811578598e-03 +5.2961763547e+05
+2.7400000000e+03 +5.9110049378e+05 -3.6038754584e+00 +0.0000000000e+00 +0.0000000000e+00 +3.1020000000e+02 +8.5722739806e-03 +5.2828377007e+05
+2.7800000000e+03 +5.9086501181e+05 -3.7339170629e+00 +0.0000000000e+00 +0.0000000000e+00 +3.1040000000e+02 +8.4645137175e-03 +5.2693915314e+05
+2.8200000000e+03 +5.9062807123e+05 -3.8625327002e+00 +0.0000000000e+00 +0.0000000000e+00 +3.1060000000e+02 +8.3578694192e-03 +5.2558366483e+05
+2.8600000000e+03 +5.9038965852e+05 -3.9895899029e+00 +0.0000000000e+00 +0.0000000000e+00 +3.1080000000e+02 +8.2523334253e-03 +5.2421718375e+05
+2.9000000000e+03 +5.9014975997e+05 -4.1149585331e+00 +0.0000000000e+00 +0.0000000000e+00 +3.1100000000e+02 +8.1478980669e-03 +5.2283958695e+05
+2.9400000000e+03 +5.8990836168e+05 -4.2385109772e+00 +0.0000000000e+00 +0.0000000000e+00 +3.1120000000e+02 +8.0445556679e-03 +5.2145074987e+05
+2.9800000000e+03 +5.8966544961e+05 -4.3601223365e+00 +0.0000000000e+00 +0.0000000000e+00 +3.1140000000e+02 +7.9422985455e-03 +5.2005054639e+05
+3.0200000000e+03 +5.8942100952e+05 -4.4796706138e+00 +0.0000000000e+00 +0.0000000000e+00 +3.1160000000e+02 +7.8411190120e-03 +5.1863884875e+05
+3.0604000000e+03 +5.8917255936e+05 -4.5981991456e+00 +0.0000000000e+00 +0.0000000000e+00 +3.1180200000e+02 +7.7400136557e-03 +5.1720123519e+05
+3.1016080000e+03 +5.8891750366e+05 -4.7166816441e+00 +0.0000000000e+00 +0.0000000000e+00 +3.1200804000e+02 +7.6380023313e-03 +5.1572251404e+05
+3.1436401600e+03 +5.8865562756e+05 -4.8348932838e+00 +0.0000000000e+00 +0.0000000000e+00 +3.1221820080e+02 +7.5351033392e-03 +5.1420121440e+05
+3.1865129632e+03 +5.8838670729e+05 -4.9525924622e+00 +0.0000000000e+00 +0.0000000000e+00 +3.1243256482e+02 +7.4313362850e-03 +5.1263579853e+05
+3.2302432225e+03 +5.8811050972e+05 -5.0695203700e+00 +0.0000000000e+00 +0.0000000000e+00 +3.1265121611e+02 +7.3267221112e-03 +5.1102465803e+05
+3.2748480869e+03 +5.8782679188e+05 -5.1854006367e+00 +0.0000000000e+00 +0.0000000000e+00 +3.1287424043e+02 +7.2212831300e-03 +5.0936610993e+05
+3.3203450487e+03 +5.8753530044e+05 -5.2999390682e+00 +0.0000000000e+00 +0.0000000000e+00 +3.1310172524e+02 +7.1150430539e-03 +5.0765839240e+05
+3.3667519496e+03 +5.8723577110e+05 -5.4128234932e+00 +0.0000000000e+00 +0.0000000000e+00 +3.1333375975e+02 +7.0080270252e-03 +5.0589966026e+05
+3.4140869886e+03 +5.8692792807e+05 -5.5237237364e+00 +0.0000000000e+00 +0.0000000000e+00 +3.1357043494e+02 +6.9002616453e-03 +5.0408798013e+05
+3.4623687284e+03 +5.8661148338e+05 -5.6322917410e+00 +0.0000000000e+00 +0.0000000000e+00 +3.1381184364e+02 +6.7917750011e-03 +5.0222132529e+05
+3.5116161030e+03 +5.8628613624e+05 -5.7381618612e+00 +0.0000000000e+00 +0.0000000000e+00 +3.1405808051e+02 +6.6825966910e-03 +5.0029757019e+05
+3.5618484250e+03 +5.8595157229e+05 -5.8409513508e+00 +0.0000000000e+00 +0.0000000000e+00 +3.1430924213e+02 +6.5727578488e-03 +4.9831448459e+05
+3.6130853935e+03 +5.8560746282e+05 -5.9402610734e+00 +0.0000000000e+00 +0.0000000000e+00 +3.1456542697e+02 +6.4622911649e-03 +4.9626972724e+05
+3.6653471014e+03 +5.8525346400e+05 -6.0356764630e+00 +0.0000000000e+00 +0.0000000000e+00 +3.1482673551e+02 +6.3512309061e-03 +4.9416083926e+05
+3.7186540434e+03 +5.8488921593e+05 -6.1267687659e+00 +0.0000000000e+00 +0.0000000000e+00 +3.1509327022e+02 +6.2396129329e-03 +4.9198523693e+05
+3.7730271243e+03 +5.8451434174e+05 -6.2130965950e+00 +0.0000000000e+00 +0.0000000000e+00 +3.1536513562e+02 +6.1274747131e-03 +4.8974020402e+05
+3.8284876668e+03 +5.8412844656e+05 -6.2942078305e+00 +0.0000000000e+00 +0.0000000000e+00 +3.1564243833e+02 +6.0148553338e-03 +4.8742288367e+05
+3.8850574201e+03 +5.8373111642e+05 -6.3696419034e+00 +0.0000000000e+00 +0.0000000000e+00 +3.1592528710e+02 +5.9017955093e-03 +4.8503026958e+05
+3.9427585685e+03 +5.8332191711e+05 -6.4389324960e+00 +0.0000000000e+00 +0.0000000000e+00 +3.1621379284e+02 +5.7883375860e-03 +4.8255919669e+05
+4.0016137399e+03 +5.8290039291e+05 -6.5016106982e+00 +0.0000000000e+00 +0.0000000000e+00 +3.1650806870e+02 +5.6745255430e-03 +4.8000633114e+05
+4.0616460147e+03 +5.8246606526e+05 -6.5572086560e+00 +0.0000000000e+00 +0.0000000000e+00 +3.1680823007e+02 +5.5604049897e-03 +4.7736815961e+05
+4.1228789350e+03 +5.8201843126e+05 -6.6052637486e+00 +0.0000000000e+00 +0.0000000000e+00 +3.1711439467e+02 +5.4460231576e-03 +4.7464097781e+05
+4.1853365137e+03 +5.8155696217e+05 -6.6453233307e+00 +0.0000000000e+00 +0.0000000000e+00 +3.1742668257e+02 +5.3314288891e-03 +4.7182087833e+05
+4.2490432439e+03 +5.8108110170e+05 -6.6769500725e+00 +0.0000000000e+00 +0.0000000000e+00 +3.1774521622e+02 +5.2166726204e-03 +4.6890373748e+05
+4.3140241088e+03 +5.8059026417e+05 -6.6997279290e+00 +0.0000000000e+00 +0.0000000000e+00 +3.1807012054e+02 +5.1018063594e-03 +4.6588520144e+05
+4.3803045910e+03 +5.8008383257e+05 -6.7132687626e+00 +0.0000000000e+00 +0.0000000000e+00 +3.1840152295e+02 +4.9868836583e-03 +4.6276067125e+05
+4.4479106828e+03 +5.7956115646e+05 -6.7172196410e+00 +0.0000000000e+00 +0.0000000000e+00 +3.1873955341e+02 +4.8719595807e-03 +4.5952528703e+05
+4.5168688965e+03 +5.7902154960e+05 -6.7112708205e+00 +0.0000000000e+00 +0.0000000000e+00 +3.1908434448e+02 +4.7570906615e-03 +4.5617391103e+05
+4.5872062744e+03 +5.7846428752e+05 -6.6951644200e+00 +0.0000000000e+00 +0.0000000000e+00 +3.1943603137e+02 +4.6423348623e-03 +4.5270110968e+05
+4.6589503999e+03 +5.7788860481e+05 -6.6687037730e+00 +0.0000000000e+00 +0.0000000000e+00 +3.1979475200e+02 +4.5277515183e-03 +4.4910113451e+05
+4.7321294079e+03 +5.7729369216e+05 -6.6317634375e+00 +0.0000000000e+00 +0.0000000000e+00 +3.2016064704e+02 +4.4134012795e-03 +4.4536790196e+05
+4.8067719960e+03 +5.7667869319e+05 -6.5842998209e+00 +0.0000000000e+00 +0.0000000000e+00 +3.2053385998e+02 +4.2993460444e-03 +4.4149497212e+05
+4.8829074360e+03 +5.7604270098e+05 -6.5263623601e+00 +0.0000000000e+00 +0.0000000000e+00 +3.2091453718e+02 +4.1856488867e-03 +4.3747552628e+05
+4.9605655847e+03 +5.7538475426e+05 -6.4581051740e+00 +0.0000000000e+00 +0.0000000000e+00 +3.2130282792e+02 +4.0723739734e-03 +4.3330234352e+05
+5.0397768964e+03 +5.7470383332e+05 -6.3797990758e+00 +0.0000000000e+00 +0.0000000000e+00 +3.2169888448e+02 +3.9595864769e-03 +4.2896777631e+05
+5.1205724343e+03 +5.7399885547e+05 -6.2918438073e+00 +0.0000000000e+00 +0.0000000000e+00 +3.2210286217e+02 +3.8473524772e-03 +4.2446372530e+05
+5.2029838830e+03 +5.7326867011e+05 -6.1947803188e+00 +0.0000000000e+00 +0.0000000000e+00 +3.2251491941e+02 +3.7357388578e-03 +4.1978161350e+05
+5.2870435607e+03 +5.7251205334e+05 -6.0893028843e+00 +0.0000000000e+00 +0.0000000000e+00 +3.2293521780e+02 +3.6248131929e-03 +4.1491236025e+05
+5.3727844319e+03 +5.7172770202e+05 -5.9762707978e+00 +0.0000000000e+00 +0.0000000000e+00 +3.2336392216e+02 +3.5146436258e-03 +4.0984635526e+05
+5.4602401205e+03 +5.7091422726e+05 -5.8567193555e+00 +0.0000000000e+00 +0.0000000000e+00 +3.2380120060e+02 +3.4052987408e-03 +4.0457343340e+05
+5.5494449229e+03 +5.7007014725e+05 -5.7318697782e+00 +0.0000000000e+00 +0.0000000000e+00 +3.2424722461e+02 +3.2968474256e-03 +3.9908285109e+05
+5.6404338214e+03 +5.6919387940e+05 -5.6031376820e+00 +0.0000000000e+00 +0.0000000000e+00 +3.2470216911e+02 +3.1893587269e-03 +3.9336326514e+05
+5.7332424978e+03 +5.6828373157e+05 -5.4721396522e+00 +0.0000000000e+00 +0.0000000000e+00 +3.2516621249e+02 +3.0789130786e-03 +3.8740271562e+05
+5.8279073478e+03 +5.6733789249e+05 -5.3406974275e+00 +0.0000000000e+00 +0.0000000000e+00 +3.2563953674e+02 +2.9670658660e-03 +3.8118861439e+05
+5.9244654947e+03 +5.6635442112e+05 -5.2108391513e+00 +0.0000000000e+00 +0.0000000000e+00 +3.2612232747e+02 +2.8556109193e-03 +3.7470774177e+05
+6.0229548046e+03 +5.6533123477e+05 -5.0847971015e+00 +0.0000000000e+00 +0.0000000000e+00 +3.2661477402e+02 +2.7446726929e-03 +3.6794625431e+05
+6.1234139007e+03 +5.6426609602e+05 -4.9650012727e+00 +0.0000000000e+00 +0.0000000000e+00 +3.2711706950e+02 +2.6343780463e-03 +3.6088970744e+05
+6.2258821787e+03 +5.6315659810e+05 -4.8540681533e+00 +0.0000000000e+00 +0.0000000000e+00 +3.2762941089e+02 +2.5248558995e-03 +3.5352309834e+05
+6.3303998223e+03 +5.6200014858e+05 -4.7547840246e+00 +0.0000000000e+00 +0.0000000000e+00 +3.2815199911e+02 +2.4162368589e-03 +3.4583093499e+05
+6.4370078187e+03 +5.6079395117e+05 -4.6700821057e+00 +0.0000000000e+00 +0.0000000000e+00 +3.2868503909e+02 +2.3086528154e-03 +3.3779733993e+05
+6.5457479751e+03 +5.5953498534e+05 -4.6030128927e+00 +0.0000000000e+00 +0.0000000000e+00 +3.2922873988e+02 +2.2022365142e-03 +3.2940619884e+05
+6.6566629346e+03 +5.5821998343e+05 -4.5567070840e+00 +0.0000000000e+00 +0.0000000000e+00 +3.2978331467e+02 +2.0971211003e-03 +3.2064136707e+05
+6.7697961933e+03 +5.5684540499e+05 -4.5343305658e+00 +0.0000000000e+00 +0.0000000000e+00 +3.3034898097e+02 +1.9934396378e-03 +3.1148695035e+05
+6.8851921172e+03 +5.5540740770e+05 -4.5390310479e+00 +0.0000000000e+00 +0.0000000000e+00 +3.3092596059e+02 +1.8913246080e-03 +3.0192767996e+05
+7.0028959595e+03 +5.5390181475e+05 -4.5738761013e+00 +0.0000000000e+00 +0.0000000000e+00 +3.3143559510e+02 +1.7804507820e-03 +2.9194940722e+05
+7.1229538787e+03 +5.5232407765e+05 -4.6417825623e+00 +0.0000000000e+00 +0.0000000000e+00 +3.3194883150e+02 +1.6713554514e-03 +2.8153974733e+05
+7.2454129563e+03 +5.5066923423e+05 -4.7454375321e+00 +0.0000000000e+00 +0.0000000000e+00 +3.3247233263e+02 +1.5650781771e-03 +2.7068890814e+05
+7.3703212154e+03 +5.4893186070e+05 -4.8703212154e+00 +0.0000000000e+00 +0.0000000000e+00 +3.3300630378e+02 +1.4617547615e-03 +2.5939074488e+05
+7.4977276397e+03 +5.4710601695e+05 -4.9977276397e+00 +0.0000000000e+00 +0.0000000000e+00 +3.3354620045e+02 +1.3610071124e-03 +2.4764408599e+05
+7.6276821925e+03 +5.4518518399e+05 -5.1276821925e+00 +0.0000000000e+00 +0.0000000000e+00 +3.3407549082e+02 +1.2613663151e-03 +2.3545437614e+05
+7.7602358363e+03 +5.4316219208e+05 -5.2602358363e+00 +0.0000000000e+00 +0.0000000000e+00 +3.3458145636e+02 +1.1621312053e-03 +2.2283567791e+05
+7.8954405531e+03 +5.4102913795e+05 -5.3954405531e+00 +0.0000000000e+00 +0.0000000000e+00 +3.3506799725e+02 +1.0643619401e-03 +2.0981305781e+05
+8.0333493641e+03 +5.3877728921e+05 -5.5333493641e+00 +0.0000000000e+00 +0.0000000000e+00 +3.3555170269e+02 +9.7002154769e-04 +1.9642534920e+05
+8.1740163514e+03 +5.3639697349e+05 -5.6740163514e+00 +0.0000000000e+00 +0.0000000000e+00 +3.3604508224e+02 +8.9417261046e-04 +1.8272822530e+05
+8.3174966784e+03 +5.3387744951e+05 -5.8174966784e+00 +0.0000000000e+00 +0.0000000000e+00 +3.3654832938e+02 +8.2266072483e-04 +1.6879741742e+05
+8.4638466120e+03 +5.3120675652e+05 -5.9638466120e+00 +0.0000000000e+00 +0.0000000000e+00 +3.3705946567e+02 +7.5508655571e-04 +1.5473176765e+05
+8.6131235443e+03 +5.2837153783e+05 -6.1131235443e+00 +0.0000000000e+00 +0.0000000000e+00 +3.3756788742e+02 +6.9082963319e-04 +1.4065560533e+05
+8.7653860151e+03 +5.2535683317e+05 -6.2653860151e+00 +0.0000000000e+00 +0.0000000000e+00 +3.3806448575e+02 +6.2951569360e-04 +1.2671969533e+05
+8.9206937354e+03 +5.2214583336e+05 -6.4206937354e+00 +0.0000000000e+00 +0.0000000000e+00 +3.3855089331e+02 +5.7135273109e-04 +1.1309976977e+05
+9.0791076102e+03 +5.1871958905e+05 -6.5791076102e+00 +0.0000000000e+00 +0.0000000000e+00 +3.3903787785e+02 +5.1683997880e-04 +9.9991523106e+04
+9.2406897624e+03 +5.1505666366e+05 -6.7406897624e+00 +0.0000000000e+00 +0.0000000000e+00 +3.3953460207e+02 +4.6623368566e-04 +8.7601087004e+04
+9.4055035576e+03 +5.1113271760e+05 -6.9055035576e+00 +0.0000000000e+00 +0.0000000000e+00 +3.4004126078e+02 +4.1937192141e-04 +7.6130604011e+04
+9.5736136288e+03 +5.0692000777e+05 -7.0736136288e+00 +0.0000000000e+00 +0.0000000000e+00 +3.4055292156e+02 +3.7594623834e-04 +6.5759718129e+04
+9.7450859013e+03 +5.0238678227e+05 -7.2450859013e+00 +0.0000000000e+00 +0.0000000000e+00 +3.4105225503e+02 +3.3539355296e-04 +5.6625477212e+04
+9.9199876194e+03 +4.9749654420e+05 -7.4199876194e+00 +0.0000000000e+00 +0.0000000000e+00 +3.4152609071e+02 +2.9742729702e-04 +4.8804756107e+04
+1.0098387372e+04 +4.9220715167e+05 -7.5983873717e+00 +0.0000000000e+00 +0.0000000000e+00 +3.4197865411e+02 +2.6221553076e-04 +4.2303942705e+04
+1.0280355119e+04 +4.8646971145e+05 -7.7803551192e+00 +0.0000000000e+00 +0.0000000000e+00 +3.4242729214e+02 +2.3007662544e-04 +3.7059446336e+04
+1.0465962222e+04 +4.8022721162e+05 -7.9659622216e+00 +0.0000000000e+00 +0.0000000000e+00 +3.4288490294e+02 +2.0107843546e-04 +3.2949576318e+04
+1.0655281466e+04 +4.7341282219e+05 -8.1552814660e+00 +0.0000000000e+00 +0.0000000000e+00 +3.4335166596e+02 +1.7500787876e-04 +2.9814698745e+04
+1.0848387095e+04 +4.6594777258e+05 -8.3483870953e+00 +0.0000000000e+00 +0.0000000000e+00 +3.4382237906e+02 +1.5159412177e-04 +2.7480149777e+04
+1.1045354837e+04 +4.5773868780e+05 -8.5453548372e+00 +0.0000000000e+00 +0.0000000000e+00 +3.4428461962e+02 +1.3053261955e-04 +2.5776351790e+04
+1.1246261934e+04 +4.4867423295e+05 -8.7462619340e+00 +0.0000000000e+00 +0.0000000000e+00 +3.4473079488e+02 +1.1163343003e-04 +2.4552636867e+04
+1.1451187173e+04 +4.3862087718e+05 -8.9511871726e+00 +0.0000000000e+00 +0.0000000000e+00 +3.4516579210e+02 +9.4830237029e-05 +2.3684022324e+04
+1.1660210916e+04 +4.2741754880e+05 -9.1602109161e+00 +0.0000000000e+00 +0.0000000000e+00 +3.4560658016e+02 +8.0098880933e-05 +2.3072240028e+04
+1.1873415134e+04 +4.1486892594e+05 -9.3734151344e+00 +0.0000000000e+00 +0.0000000000e+00 +3.4606539217e+02 +6.7316940576e-05 +2.2643154296e+04
+1.2090883437e+04 +4.0073712779e+05 -9.5908834371e+00 +0.0000000000e+00 +0.0000000000e+00 +3.4654283110e+02 +5.6276611487e-05 +2.2342550912e+04
+1.2312701106e+04 +3.8473172533e+05 -9.8127011059e+00 +0.0000000000e+00 +0.0000000000e+00 +3.4704460147e+02 +4.6805245654e-05 +2.2131673547e+04
+1.2538955128e+04 +3.6649848110e+05 -1.0038955128e+01 +0.0000000000e+00 +0.0000000000e+00 +3.4758765813e+02 +3.8768094290e-05 +2.1983249199e+04
+1.2769734231e+04 +3.4560852989e+05 -1.0269734231e+01 +0.0000000000e+00 +0.0000000000e+00 +3.4818471082e+02 +3.2001649279e-05 +2.1878279121e+04
+1.3005128915e+04 +3.2155291876e+05 -1.0505128915e+01 +0.0000000000e+00 +0.0000000000e+00 +3.4882724208e+02 +2.6298618412e-05 +2.1803603155e+04
+1.3245231493e+04 +2.9375500551e+05 -1.0745231493e+01 +0.0000000000e+00 +0.0000000000e+00 +3.4953709597e+02 +2.1546470595e-05 +2.1750125080e+04
+1.3490136123e+04 +2.6163043142e+05 -1.0990136123e+01 +0.0000000000e+00 +0.0000000000e+00 +3.5035501829e+02 +1.7652910137e-05 +2.1711554264e+04
+1.3739938846e+04 +2.2476073200e+05 -1.1239938846e+01 +0.0000000000e+00 +0.0000000000e+00 +3.5129119153e+02 +1.4470184261e-05 +2.1683529110e+04
+1.3994737623e+04 +1.8330989584e+05 -1.1494737623e+01 +0.0000000000e+00 +0.0000000000e+00 +3.5232077479e+02 +1.1837930034e-05 +2.1663013145e+04
+1.4254632375e+04 +1.3885745432e+05 -1.1754632375e+01 +0.0000000000e+00 +0.0000000000e+00 +3.5351006451e+02 +9.7157677024e-06 +2.1647881452e+04
+1.4519725023e+04 +9.5541238387e+04 -1.2019725023e+01 +0.0000000000e+00 +0.0000000000e+00 +3.5496216856e+02 +7.8843479384e-06 +2.1636638161e+04
+1.4790119523e+04 +6.0054396081e+04 -1.2290119523e+01 +0.0000000000e+00 +0.0000000000e+00 +3.5667007743e+02 +6.4604088903e-06 +2.1628223405e+04
+1.5076844781e+04 +3.7116945878e+04 -1.2576844781e+01 +0.0000000000e+00 +0.0000000000e+00 +3.5867665706e+02 +5.2862297519e-06 +2.1621666655e+04
+1.5392242564e+04 +2.6447254023e+04 -1.2892242564e+01 +0.0000000000e+00 +0.0000000000e+00 +3.6128980934e+02 +4.3576520022e-06 +2.1616419663e+04
+1.5739180125e+04 +2.2931337790e+04 -1.3201078993e+01 +0.0000000000e+00 +0.0000000000e+00 +3.6486879968e+02 +3.7090316783e-06 +2.1612286093e+04
+1.6120811443e+04 +2.1969067771e+04 -1.3358175125e+01 +0.0000000000e+00 +0.0000000000e+00 +3.6946964508e+02 +3.2497902080e-06 +2.1609079465e+04
+1.6540605892e+04 +2.1710954917e+04 -1.3288820277e+01 +0.0000000000e+00 +0.0000000000e+00 +3.7567633154e+02 +3.0493070360e-06 +2.1606629070e+04
+1.7002379786e+04 +2.1636806688e+04 -1.2915566524e+01 +0.0000000000e+00 +0.0000000000e+00 +3.8452339633e+02 +3.2911601989e-06 +2.1604783719e+04
+1.7494261350e+04 +2.1613784540e+04 -1.2186595949e+01 +0.0000000000e+00 +0.0000000000e+00 +3.9620556274e+02 +4.1491079208e-06 +2.1603449010e+04
+1.7994261350e+04 +2.1605915534e+04 -1.1126450325e+01 +0.0000000000e+00 +0.0000000000e+00 +4.0974900247e+02 +5.5534478364e-06 +2.1602521416e+04
+1.8494261350e+04 +2.1602849998e+04 -9.7967339480e+00 +0.0000000000e+00 +0.0000000000e+00 +4.2414695943e+02 +6.7674730200e-06 +2.1601875632e+04
+1.8994261350e+04 +2.1601501215e+04 -8.2683711370e+00 +0.0000000000e+00 +0.0000000000e+00 +4.3939673923e+02 +7.1278268709e-06 +2.1601417236e+04
+1.9494261350e+04 +2.1600848514e+04 -6.6276831425e+00 +0.0000000000e+00 +0.0000000000e+00 +4.5517321950e+02 +6.0693610421e-06 +2.1601086106e+04
+1.9994261350e+04 +2.1600507689e+04 -4.9722027148e+00 +0.0000000000e+00 +0.0000000000e+00 +4.7069597631e+02 +3.9392320615e-06 +2.1600843078e+04
+2.0494261350e+04 +2.1600318329e+04 -3.4056467235e+00 +0.0000000000e+00 +0.0000000000e+00 +4.8552333222e+02 +2.6524166041e-06 +2.1600662115e+04
+2.0994261350e+04 +2.1600207567e+04 -2.0323057764e+00 +0.0000000000e+00 +0.0000000000e+00 +5.0051749130e+02 +2.6231542189e-06 +2.1600525574e+04
+2.1494261350e+04 +2.1600139911e+04 -9.5115270528e-01 +0.0000000000e+00 +0.0000000000e+00 +5.1584913514e+02 +2.6217687077e-06 +2.1600421295e+04
+2.1994261350e+04 +2.1600097031e+04 -2.4999853355e-01 +0.0000000000e+00 +0.0000000000e+00 +5.3118077899e+02 +2.6203831966e-06 +2.1600340764e+04
+2.2494261350e+04 +2.1600068975e+04 -3.3156467637e-05 +0.0000000000e+00 +0.0000000000e+00 +5.4651242283e+02 +2.6189976855e-06 +2.1600277930e+04
+2.2994261350e+04 +2.1600050101e+04 +0.0000000000e+00 +0.0000000000e+00 +0.0000000000e+00 +5.6184406667e+02 +2.6176121744e-06 +2.1600228435e+04
+2.3494261350e+04 +2.1600037092e+04 +0.0000000000e+00 +0.0000000000e+00 +0.0000000000e+00 +5.7717571052e+02 +2.6162266632e-06 +2.1600189103e+04
+2.3994261350e+04 +2.1600027929e+04 +0.0000000000e+00 +0.0000000000e+00 +0.0000000000e+00 +5.9305233711e+02 +2.6225339461e-06 +2.1600157589e+04
+2.4494261350e+04 +2.1600021351e+04 +0.0000000000e+00 +0.0000000000e+00 +0.0000000000e+00 +6.1028817019e+02 +2.6480273329e-06 +2.1600132145e+04
+2.4994261350e+04 +2.1600016545e+04 +0.0000000000e+00 +0.0000000000e+00 +0.0000000000e+00 +6.2752400328e+02 +2.6735207197e-06 +2.1600111454e+04
+2.5494261350e+04 +2.1600012980e+04 +0.0000000000e+00 +0.0000000000e+00 +0.0000000000e+00 +6.4475983637e+02 +2.6990141065e-06 +2.1600094516e+04
+2.5994261350e+04 +2.1600010298e+04 +0.0000000000e+00 +0.0000000000e+00 +0.0000000000e+00 +6.6199566946e+02 +2.7245074933e-06 +2.1600080563e+04
+2.6494261350e+04 +2.1600008253e+04 +0.0000000000e+00 +0.0000000000e+00 +0.0000000000e+00 +6.7942910774e+02 +2.7488389430e-06 +2.1600069001e+04
+2.6994261350e+04 +2.1600006677e+04 +0.0000000000e+00 +0.0000000000e+00 +0.0000000000e+00 +6.9879651936e+02 +2.7617984471e-06 +2.1600059366e+04
+2.7494261350e+04 +2.1600005448e+04 +0.0000000000e+00 +0.0000000000e+00 +0.0000000000e+00 +7.1816393098e+02 +2.7747579512e-06 +2.1600051295e+04

      z (m)          factor (-)         u (m s-1)         v (m s-1)         w (m s-1)          thl (K)        qt (kg kg-1)        factor thl (-)    
# 1.00000000E+07
+2.0000000000e+01 +6.0429954982e+05 +2.4800000000e+00 +0.0000000000e+00 +0.0000000000e+00 +2.9900000000e+02 +1.6630954234e-02 +5.9957644023e+05
+6.0000000000e+01 +6.0413866661e+05 +2.4400000000e+00 +0.0000000000e+00 +0.0000000000e+00 +2.9900000000e+02 +1.6668765949e-02 +5.9875566216e+05
+1.0000000000e+02 +6.0397695895e+05 +2.4000000000e+00 +0.0000000000e+00 +0.0000000000e+00 +2.9900000000e+02 +1.6698689039e-02 +5.9792948951e+05
+1.4000000000e+02 +6.0381442049e+05 +2.3600000000e+00 +0.0000000000e+00 +0.0000000000e+00 +2.9900000000e+02 +1.6720963460e-02 +5.9709787087e+05
+1.8000000000e+02 +6.0365104484e+05 +2.3200000000e+00 +0.0000000000e+00 +0.0000000000e+00 +2.9900000000e+02 +1.6735824525e-02 +5.9626075421e+05
+2.2000000000e+02 +6.0348682552e+05 +2.2800000000e+00 +0.0000000000e+00 +0.0000000000e+00 +2.9900000000e+02 +1.6743502966e-02 +5.9541808690e+05
+2.6000000000e+02 +6.0332175600e+05 +2.2400000000e+00 +0.0000000000e+00 +0.0000000000e+00 +2.9900000000e+02 +1.6744224999e-02 +5.9456981561e+05
+3.0000000000e+02 +6.0315582967e+05 +2.2000000000e+00 +0.0000000000e+00 +0.0000000000e+00 +2.9900000000e+02 +1.6738212380e-02 +5.9371588642e+05
+3.4000000000e+02 +6.0298903988e+05 +2.1600000000e+00 +0.0000000000e+00 +0.0000000000e+00 +2.9900000000e+02 +1.6725682473e-02 +5.9285624472e+05
+3.8000000000e+02 +6.0282137986e+05 +2.1200000000e+00 +0.0000000000e+00 +0.0000000000e+00 +2.9900000000e+02 +1.6706848309e-02 +5.9199083522e+05
+4.2000000000e+02 +6.0265284282e+05 +2.0800000000e+00 +0.0000000000e+00 +0.0000000000e+00 +2.9900000000e+02 +1.6681918642e-02 +5.9111960199e+05
+4.6000000000e+02 +6.0248342187e+05 +2.0400000000e+00 +0.0000000000e+00 +0.0000000000e+00 +2.9900000000e+02 +1.6651098015e-02 +5.9024248838e+05
+5.0000000000e+02 +6.0231311005e+05 +2.0000000000e+00 +0.0000000000e+00 +0.0000000000e+00 +2.9900000000e+02 +1.6614586814e-02 +5.8935943706e+05
+5.4000000000e+02 +6.0214190035e+05 +1.9600000000e+00 +0.0000000000e+00 +0.0000000000e+00 +2.9920000000e+02 +1.6432861391e-02 +5.8847038998e+05
+5.8000000000e+02 +6.0196978566e+05 +1.9200000000e+00 +0.0000000000e+00 +0.0000000000e+00 +2.9940000000e+02 +1.6252633442e-02 +5.8757528839e+05
+6.2000000000e+02 +6.0179675880e+05 +1.8800000000e+00 +0.0000000000e+00 +0.0000000000e+00 +2.9960000000e+02 +1.6073897574e-02 +5.8667407279e+05
+6.6000000000e+02 +6.0162281252e+05 +1.8400000000e+00 +0.0000000000e+00 +0.0000000000e+00 +2.9980000000e+02 +1.5896648321e-02 +5.8576668297e+05
+7.0000000000e+02 +6.0144793949e+05 +1.8000000000e+00 +0.0000000000e+00 +0.0000000000e+00 +3.0000000000e+02 +1.5720880142e-02 +5.8485305794e+05
+7.4000000000e+02 +6.0127213232e+05 +1.7600000000e+00 +0.0000000000e+00 +0.0000000000e+00 +3.0020000000e+02 +1.5546587429e-02 +5.8393313599e+05
+7.8000000000e+02 +6.0109538350e+05 +1.7189488732e+00 +0.0000000000e+00 +0.0000000000e+00 +3.0040000000e+02 +1.5373764502e-02 +5.8300685461e+05
+8.2000000000e+02 +6.0091768549e+05 +1.6742789808e+00 +0.0000000000e+00 +0.0000000000e+00 +3.0060000000e+02 +1.5202405613e-02 +5.8207415052e+05
+8.6000000000e+02 +6.0073903062e+05 +1.6258805044e+00 +0.0000000000e+00 +0.0000000000e+00 +3.0080000000e+02 +1.5032504947e-02 +5.8113495965e+05
+9.0000000000e+02 +6.0055941118e+05 +1.5737659986e+00 +0.0000000000e+00 +0.0000000000e+00 +3.0100000000e+02 +1.4864056622e-02 +5.8018921712e+05
+9.4000000000e+02 +6.0037881935e+05 +1.5179535728e+00 +0.0000000000e+00 +0.0000000000e+00 +3.0120000000e+02 +1.4697054694e-02 +5.7923685724e+05
+9.8000000000e+02 +6.0019724724e+05 +1.4584668642e+00 +0.0000000000e+00 +0.0000000000e+00 +3.0140000000e+02 +1.4531493151e-02 +5.7827781350e+05
+1.0200000000e+03 +6.0001468686e+05 +1.3953350027e+00 +0.0000000000e+00 +0.0000000000e+00 +3.0160000000e+02 +1.4367365922e-02 +5.7731201855e+05
+1.0600000000e+03 +5.9983113015e+05 +1.3285925670e+00 +0.0000000000e+00 +0.0000000000e+00 +3.0180000000e+02 +1.4204666873e-02 +5.7633940419e+05
+1.1000000000e+03 +5.9964656896e+05 +1.2582795331e+00 +0.0000000000e+00 +0.0000000000e+00 +3.0200000000e+02 +1.4043389813e-02 +5.7535990135e+05
+1.1400000000e+03 +5.9946099502e+05 +1.1844412147e+00 +0.0000000000e+00 +0.0000000000e+00 +3.0220000000e+02 +1.3883528489e-02 +5.7437344010e+05
+1.1800000000e+03 +5.9927440003e+05 +1.1071281951e+00 +0.0000000000e+00 +0.0000000000e+00 +3.0240000000e+02 +1.3725076591e-02 +5.7337994962e+05
+1.2200000000e+03 +5.9908677553e+05 +1.0263962518e+00 +0.0000000000e+00 +0.0000000000e+00 +3.0260000000e+02 +1.3568027754e-02 +5.7237935819e+05
+1.2600000000e+03 +5.9889811303e+05 +9.4230627312e-01 +0.0000000000e+00 +0.0000000000e+00 +3.0280000000e+02 +1.3412375558e-02 +5.7137159316e+05
+1.3000000000e+03 +5.9870840390e+05 +8.5492416720e-01 +0.0000000000e+00 +0.0000000000e+00 +3.0300000000e+02 +1.3258113528e-02 +5.7035658100e+05
+1.3400000000e+03 +5.9851763943e+05 +7.6432076338e-01 +0.0000000000e+00 +0.0000000000e+00 +3.0320000000e+02 +1.3105235138e-02 +5.6933424720e+05
+1.3800000000e+03 +5.9832581083e+05 +6.7057170638e-01 +0.0000000000e+00 +0.0000000000e+00 +3.0340000000e+02 +1.2953733808e-02 +5.6830451633e+05
+1.4200000000e+03 +5.9813290918e+05 +5.7375734322e-01 +0.0000000000e+00 +0.0000000000e+00 +3.0360000000e+02 +1.2803602910e-02 +5.6726731196e+05
+1.4600000000e+03 +5.9793892550e+05 +4.7396260309e-01 +0.0000000000e+00 +0.0000000000e+00 +3.0380000000e+02 +1.2654835767e-02 +5.6622255673e+05
+1.5000000000e+03 +5.9774385067e+05 +3.7127687043e-01 +0.0000000000e+00 +0.0000000000e+00 +3.0400000000e+02 +1.2507425652e-02 +5.6517017226e+05
+1.5400000000e+03 +5.9754767548e+05 +2.6579385128e-01 +0.0000000000e+00 +0.0000000000e+00 +3.0420000000e+02 +1.2361365795e-02 +5.6411007915e+05
+1.5800000000e+03 +5.9735039064e+05 +1.5761143322e-01 +0.0000000000e+00 +0.0000000000e+00 +3.0440000000e+02 +1.2216649378e-02 +5.6304219702e+05
+1.6200000000e+03 +5.9715198673e+05 +4.6831539035e-02 +0.0000000000e+00 +0.0000000000e+00 +3.0460000000e+02 +1.2073269539e-02 +5.6196644443e+05
+1.6600000000e+03 +5.9695245423e+05 -6.6440025628e-02 +0.0000000000e+00 +0.0000000000e+00 +3.0480000000e+02 +1.1931219373e-02 +5.6088273890e+05
+1.7000000000e+03 +5.9675178351e+05 -1.8209373045e-01 +0.0000000000e+00 +0.0000000000e+00 +3.0500000000e+02 +1.1790491935e-02 +5.5979099688e+05
+1.7400000000e+03 +5.9654996484e+05 -3.0001648416e-01 +0.0000000000e+00 +0.0000000000e+00 +3.0520000000e+02 +1.1651080238e-02 +5.5869113376e+05
+1.7800000000e+03 +5.9634698836e+05 -4.2009180359e-01 +0.0000000000e+00 +0.0000000000e+00 +3.0540000000e+02 +1.1512977255e-02 +5.5758306381e+05
+1.8200000000e+03 +5.9614284413e+05 -5.4219998779e-01 +0.0000000000e+00 +0.0000000000e+00 +3.0560000000e+02 +1.1376175921e-02 +5.5646670023e+05
+1.8600000000e+03 +5.9593752205e+05 -6.6621829697e-01 +0.0000000000e+00 +0.0000000000e+00 +3.0580000000e+02 +1.1240669135e-02 +5.5534195506e+05
+1.9000000000e+03 +5.9573101195e+05 -7.9202113600e-01 +0.0000000000e+00 +0.0000000000e+00 +3.0600000000e+02 +1.1106449760e-02 +5.5420873922e+05
+1.9400000000e+03 +5.9552330351e+05 -9.1948024213e-01 +0.0000000000e+00 +0.0000000000e+00 +3.0620000000e+02 +1.0973510623e-02 +5.5306696248e+05
+1.9800000000e+03 +5.9531438631e+05 -1.0484648767e+00 +0.0000000000e+00 +0.0000000000e+00 +3.0640000000e+02 +1.0841844518e-02 +5.5191653344e+05
+2.0200000000e+03 +5.9510424980e+05 -1.1788420207e+00 +0.0000000000e+00 +0.0000000000e+00 +3.0660000000e+02 +1.0711444207e-02 +5.5075735949e+05
+2.0600000000e+03 +5.9489288331e+05 -1.3104765734e+00 +0.0000000000e+00 +0.0000000000e+00 +3.0680000000e+02 +1.0582302421e-02 +5.4958934687e+05
+2.1000000000e+03 +5.9468027604e+05 -1.4432315545e+00 +0.0000000000e+00 +0.0000000000e+00 +3.0700000000e+02 +1.0454411860e-02 +5.4841240054e+05
+2.1400000000e+03 +5.9446641708e+05 -1.5769683088e+00 +0.0000000000e+00 +0.0000000000e+00 +3.0720000000e+02 +1.0327765196e-02 +5.4722642428e+05
+2.1800000000e+03 +5.9425129537e+05 -1.7115467135e+00 +0.0000000000e+00 +0.0000000000e+00 +3.0740000000e+02 +1.0202355073e-02 +5.4603132058e+05
+2.2200000000e+03 +5.9403489973e+05 -1.8468253877e+00 +0.0000000000e+00 +0.0000000000e+00 +3.0760000000e+02 +1.0078174106e-02 +5.4482699068e+05
+2.2600000000e+03 +5.9381721885e+05 -1.9826619036e+00 +0.0000000000e+00 +0.0000000000e+00 +3.0780000000e+02 +9.9552148889e-03 +5.4361333455e+05
+2.3000000000e+03 +5.9359824130e+05 -2.1189129996e+00 +0.0000000000e+00 +0.0000000000e+00 +3.0800000000e+02 +9.8334699875e-03 +5.4239025083e+05
+2.3400000000e+03 +5.9337795548e+05 -2.2554347943e+00 +0.0000000000e+00 +0.0000000000e+00 +3.0820000000e+02 +9.7129319458e-03 +5.4115763685e+05
+2.3800000000e+03 +5.9315634967e+05 -2.3920830016e+00 +0.0000000000e+00 +0.0000000000e+00 +3.0840000000e+02 +9.5935932853e-03 +5.3991538863e+05
+2.4200000000e+03 +5.9293341203e+05 -2.5287131466e+00 +0.0000000000e+00 +0.0000000000e+00 +3.0860000000e+02 +9.4754465067e-03 +5.3866340081e+05
+2.4600000000e+03 +5.9270913055e+05 -2.6651807813e+00 +0.0000000000e+00 +0.0000000000e+00 +3.0880000000e+02 +9.3584840902e-03 +5.3740156666e+05
+2.5000000000e+03 +5.9248349308e+05 -2.8013417006e+00 +0.0000000000e+00 +0.0000000000e+00 +3.0900000000e+02 +9.2426984976e-03 +5.3612977807e+05
+2.5400000000e+03 +5.9225648734e+05 -2.9370521580e+00 +0.0000000000e+00 +0.0000000000e+00 +3.0920000000e+02 +9.1280821725e-03 +5.3484792554e+05
+2.5800000000e+03 +5.9202810088e+05 -3.0721690801e+00 +0.0000000000e+00 +0.0000000000e+00 +3.0940000000e+02 +9.0146275420e-03 +5.3355589812e+05
+2.6200000000e+03 +5.9179832111e+05 -3.2065502812e+00 +0.0000000000e+00 +0.0000000000e+00 +3.0960000000e+02 +8.9023270174e-03 +5.3225358344e+05
+2.6600000000e+03 +5.9156713530e+05 -3.3400546749e+00 +0.0000000000e+00 +0.0000000000e+00 +3.0980000000e+02 +8.7911729956e-03 +5.3094086766e+05
+2.7000000000e+03 +5.9133453054e+05 -3.4725424859e+00 +0.0000000000e+00 +0.0000000000e+00 +3.1000000000e+02 +8.6811578598e-03 +5.2961763547e+05
+2.7400000000e+03 +5.9110049378e+05 -3.6038754584e+00 +0.0000000000e+00 +0.0000000000e+00 +3.1020000000e+02 +8.5722739806e-03 +5.2828377007e+05
+2.7800000000e+03 +5.9086501181e+05 -3.7339170629e+00 +0.0000000000e+00 +0.0000000000e+00 +3.1040000000e+02 +8.4645137175e-03 +5.2693915314e+05
+2.8200000000e+03 +5.9062807123e+05 -3.8625327002e+00 +0.0000000000e+00 +0.0000000000e+00 +3.1060000000e+02 +8.3578694192e-03 +5.2558366483e+05
+2.8600000000e+03 +5.9038965852e+05 -3.9895899029e+00 +0.0000000000e+00 +0.0000000000e+00 +3.1080000000e+02 +8.2523334253e-03 +5.2421718375e+05
+2.9000000000e+03 +5.9014975997e+05 -4.1149585331e+00 +0.0000000000e+00 +0.0000000000e+00 +3.1100000000e+02 +8.1478980669e-03 +5.2283958695e+05
+2.9400000000e+03 +5.8990836168e+05 -4.2385109772e+00 +0.0000000000e+00 +0.0000000000e+00 +3.1120000000e+02 +8.0445556679e-03 +5.2145074987e+05
+2.9800000000e+03 +5.8966544961e+05 -4.3601223365e+00 +0.0000000000e+00 +0.0000000000e+00 +3.1140000000e+02 +7.9422985455e-03 +5.2005054639e+05
+3.0200000000e+03 +5.8942100952e+05 -4.4796706138e+00 +0.0000000000e+00 +0.0000000000e+00 +3.1160000000e+02 +7.8411190120e-03 +5.1863884875e+05
+3.0604000000e+03 +5.8917255936e+05 -4.5981991456e+00 +0.0000000000e+00 +0.0000000000e+00 +3.1180200000e+02 +7.7400136557e-03 +5.1720123519e+05
+3.1016080000e+03 +5.8891750366e+05 -4.7166816441e+00 +0.0000000000e+00 +0.0000000000e+00 +3.1200804000e+02 +7.6380023313e-03 +5.1572251404e+05
+3.1436401600e+03 +5.8865562756e+05 -4.8348932838e+00 +0.0000000000e+00 +0.0000000000e+00 +3.1221820080e+02 +7.5351033392e-03 +5.1420121440e+05
+3.1865129632e+03 +5.8838670729e+05 -4.9525924622e+00 +0.0000000000e+00 +0.0000000000e+00 +3.1243256482e+02 +7.4313362850e-03 +5.1263579853e+05
+3.2302432225e+03 +5.8811050972e+05 -5.0695203700e+00 +0.0000000000e+00 +0.0000000000e+00 +3.1265121611e+02 +7.3267221112e-03 +5.1102465803e+05
+3.2748480869e+03 +5.8782679188e+05 -5.1854006367e+00 +0.0000000000e+00 +0.0000000000e+00 +3.1287424043e+02 +7.2212831300e-03 +5.0936610993e+05
+3.3203450487e+03 +5.8753530044e+05 -5.2999390682e+00 +0.0000000000e+00 +0.0000000000e+00 +3.1310172524e+02 +7.1150430539e-03 +5.0765839240e+05
+3.3667519496e+03 +5.8723577110e+05 -5.4128234932e+00 +0.0000000000e+00 +0.0000000000e+00 +3.1333375975e+02 +7.0080270252e-03 +5.0589966026e+05
+3.4140869886e+03 +5.8692792807e+05 -5.5237237364e+00 +0.0000000000e+00 +0.0000000000e+00 +3.1357043494e+02 +6.9002616453e-03 +5.0408798013e+05
+3.4623687284e+03 +5.8661148338e+05 -5.6322917410e+00 +0.0000000000e+00 +0.0000000000e+00 +3.1381184364e+02 +6.7917750011e-03 +5.0222132529e+05
+3.5116161030e+03 +5.8628613624e+05 -5.7381618612e+00 +0.0000000000e+00 +0.0000000000e+00 +3.1405808051e+02 +6.6825966910e-03 +5.0029757019e+05
+3.5618484250e+03 +5.8595157229e+05 -5.8409513508e+00 +0.0000000000e+00 +0.0000000000e+00 +3.1430924213e+02 +6.5727578488e-03 +4.9831448459e+05
+3.6130853935e+03 +5.8560746282e+05 -5.9402610734e+00 +0.0000000000e+00 +0.0000000000e+00 +3.1456542697e+02 +6.4622911649e-03 +4.9626972724e+05
+3.6653471014e+03 +5.8525346400e+05 -6.0356764630e+00 +0.0000000000e+00 +0.0000000000e+00 +3.1482673551e+02 +6.3512309061e-03 +4.9416083926e+05
+3.7186540434e+03 +5.8488921593e+05 -6.1267687659e+00 +0.0000000000e+00 +0.0000000000e+00 +3.1509327022e+02 +6.2396129329e-03 +4.9198523693e+05
+3.7730271243e+03 +5.8451434174e+05 -6.2130965950e+00 +0.0000000000e+00 +0.0000000000e+00 +3.1536513562e+02 +6.1274747131e-03 +4.8974020402e+05
+3.8284876668e+03 +5.8412844656e+05 -6.2942078305e+00 +0.0000000000e+00 +0.0000000000e+00 +3.1564243833e+02 +6.0148553338e-03 +4.8742288367e+05
+3.8850574201e+03 +5.8373111642e+05 -6.3696419034e+00 +0.0000000000e+00 +0.0000000000e+00 +3.1592528710e+02 +5.9017955093e-03 +4.8503026958e+05
+3.9427585685e+03 +5.8332191711e+05 -6.4389324960e+00 +0.0000000000e+00 +0.0000000000e+00 +3.1621379284e+02 +5.7883375860e-03 +4.8255919669e+05
+4.0016137399e+03 +5.8290039291e+05 -6.5016106982e+00 +0.0000000000e+00 +0.0000000000e+00 +3.1650806870e+02 +5.6745255430e-03 +4.8000633114e+05
+4.0616460147e+03 +5.8246606526e+05 -6.5572086560e+00 +0.0000000000e+00 +0.0000000000e+00 +3.1680823007e+02 +5.5604049897e-03 +4.7736815961e+05
+4.1228789350e+03 +5.8201843126e+05 -6.6052637486e+00 +0.0000000000e+00 +0.0000000000e+00 +3.1711439467e+02 +5.4460231576e-03 +4.7464097781e+05
+4.1853365137e+03 +5.8155696217e+05 -6.6453233307e+00 +0.0000000000e+00 +0.0000000000e+00 +3.1742668257e+02 +5.3314288891e-03 +4.7182087833e+05
+4.2490432439e+03 +5.8108110170e+05 -6.6769500725e+00 +0.0000000000e+00 +0.0000000000e+00 +3.1774521622e+02 +5.2166726204e-03 +4.6890373748e+05
+4.3140241088e+03 +5.8059026417e+05 -6.6997279290e+00 +0.0000000000e+00 +0.0000000000e+00 +3.1807012054e+02 +5.1018063594e-03 +4.6588520144e+05
+4.3803045910e+03 +5.8008383257e+05 -6.7132687626e+00 +0.0000000000e+00 +0.0000000000e+00 +3.1840152295e+02 +4.9868836583e-03 +4.6276067125e+05
+4.4479106828e+03 +5.7956115646e+05 -6.7172196410e+00 +0.0000000000e+00 +0.0000000000e+00 +3.1873955341e+02 +4.8719595807e-03 +4.5952528703e+05
+4.5168688965e+03 +5.7902154960e+05 -6.7112708205e+00 +0.0000000000e+00 +0.0000000000e+00 +3.1908434448e+02 +4.7570906615e-03 +4.5617391103e+05
+4.5872062744e+03 +5.7846428752e+05 -6.6951644200e+00 +0.0000000000e+00 +0.0000000000e+00 +3.1943603137e+02 +4.6423348623e-03 +4.5270110968e+05
+4.6589503999e+03 +5.7788860481e+05 -6.6687037730e+00 +0.0000000000e+00 +0.0000000000e+00 +3.1979475200e+02 +4.5277515183e-03 +4.4910113451e+05
+4.7321294079e+03 +5.7729369216e+05 -6.6317634375e+00 +0.0000000000e+00 +0.0000000000e+00 +3.2016064704e+02 +4.4134012795e-03 +4.4536790196e+05
+4.8067719960e+03 +5.7667869319e+05 -6.5842998209e+00 +0.0000000000e+00 +0.0000000000e+00 +3.2053385998e+02 +4.2993460444e-03 +4.4149497212e+05
+4.8829074360e+03 +5.7604270098e+05 -6.5263623601e+00 +0.0000000000e+00 +0.0000000000e+00 +3.2091453718e+02 +4.1856488867e-03 +4.3747552628e+05
+4.9605655847e+03 +5.7538475426e+05 -6.4581051740e+00 +0.0000000000e+00 +0.0000000000e+00 +3.2130282792e+02 +4.0723739734e-03 +4.3330234352e+05
+5.0397768964e+03 +5.7470383332e+05 -6.3797990758e+00 +0.0000000000e+00 +0.0000000000e+00 +3.2169888448e+02 +3.9595864769e-03 +4.2896777631e+05
+5.1205724343e+03 +5.7399885547e+05 -6.2918438073e+00 +0.0000000000e+00 +0.0000000000e+00 +3.2210286217e+02 +3.8473524772e-03 +4.2446372530e+05
+5.2029838830e+03 +5.7326867011e+05 -6.1947803188e+00 +0.0000000000e+00 +0.0000000000e+00 +3.2251491941e+02 +3.7357388578e-03 +4.1978161350e+05
+5.2870435607e+03 +5.7251205334e+05 -6.0893028843e+00 +0.0000000000e+00 +0.0000000000e+00 +3.2293521780e+02 +3.6248131929e-03 +4.1491236025e+05
+5.3727844319e+03 +5.7172770202e+05 -5.9762707978e+00 +0.0000000000e+00 +0.0000000000e+00 +3.2336392216e+02 +3.5146436258e-03 +4.0984635526e+05
+5.4602401205e+03 +5.7091422726e+05 -5.8567193555e+00 +0.0000000000e+00 +0.0000000000e+00 +3.2380120060e+02 +3.4052987408e-03 +4.0457343340e+05
+5.5494449229e+03 +5.7007014725e+05 -5.7318697782e+00 +0.0000000000e+00 +0.0000000000e+00 +3.2424722461e+02 +3.2968474256e-03 +3.9908285109e+05
+5.6404338214e+03 +5.6919387940e+05 -5.6031376820e+00 +0.0000000000e+00 +0.0000000000e+00 +3.2470216911e+02 +3.1893587269e-03 +3.9336326514e+05
+5.7332424978e+03 +5.6828373157e+05 -5.4721396522e+00 +0.0000000000e+00 +0.0000000000e+00 +3.2516621249e+02 +3.0789130786e-03 +3.8740271562e+05
+5.8279073478e+03 +5.6733789249e+05 -5.3406974275e+00 +0.0000000000e+00 +0.0000000000e+00 +3.2563953674e+02 +2.9670658660e-03 +3.8118861439e+05
+5.9244654947e+03 +5.6635442112e+05 -5.2108391513e+00 +0.0000000000e+00 +0.0000000000e+00 +3.2612232747e+02 +2.8556109193e-03 +3.7470774177e+05
+6.0229548046e+03 +5.6533123477e+05 -5.0847971015e+00 +0.0000000000e+00 +0.0000000000e+00 +3.2661477402e+02 +2.7446726929e-03 +3.6794625431e+05
+6.1234139007e+03 +5.6426609602e+05 -4.9650012727e+00 +0.0000000000e+00 +0.0000000000e+00 +3.2711706950e+02 +2.6343780463e-03 +3.6088970744e+05
+6.2258821787e+03 +5.6315659810e+05 -4.8540681533e+00 +0.0000000000e+00 +0.0000000000e+00 +3.2762941089e+02 +2.5248558995e-03 +3.5352309834e+05
+6.3303998223e+03 +5.6200014858e+05 -4.7547840246e+00 +0.0000000000e+00 +0.0000000000e+00 +3.2815199911e+02 +2.4162368589e-03 +3.4583093499e+05
+6.4370078187e+03 +5.6079395117e+05 -4.6700821057e+00 +0.0000000000e+00 +0.0000000000e+00 +3.2868503909e+02 +2.3086528154e-03 +3.3779733993e+05
+6.5457479751e+03 +5.5953498534e+05 -4.6030128927e+00 +0.0000000000e+00 +0.0000000000e+00 +3.2922873988e+02 +2.2022365142e-03 +3.2940619884e+05
+6.6566629346e+03 +5.5821998343e+05 -4.5567070840e+00 +0.0000000000e+00 +0.0000000000e+00 +3.2978331467e+02 +2.0971211003e-03 +3.2064136707e+05
+6.7697961933e+03 +5.5684540499e+05 -4.5343305658e+00 +0.0000000000e+00 +0.0000000000e+00 +3.3034898097e+02 +1.9934396378e-03 +3.1148695035e+05
+6.8851921172e+03 +5.5540740770e+05 -4.5390310479e+00 +0.0000000000e+00 +0.0000000000e+00 +3.3092596059e+02 +1.8913246080e-03 +3.0192767996e+05
+7.0028959595e+03 +5.5390181475e+05 -4.5738761013e+00 +0.0000000000e+00 +0.0000000000e+00 +3.3143559510e+02 +1.7804507820e-03 +2.9194940722e+05
+7.1229538787e+03 +5.5232407765e+05 -4.6417825623e+00 +0.0000000000e+00 +0.0000000000e+00 +3.3194883150e+02 +1.6713554514e-03 +2.8153974733e+05
+7.2454129563e+03 +5.5066923423e+05 -4.7454375321e+00 +0.0000000000e+00 +0.0000000000e+00 +3.3247233263e+02 +1.5650781771e-03 +2.7068890814e+05
+7.3703212154e+03 +5.4893186070e+05 -4.8703212154e+00 +0.0000000000e+00 +0.0000000000e+00 +3.3300630378e+02 +1.4617547615e-03 +2.5939074488e+05
+7.4977276397e+03 +5.4710601695e+05 -4.9977276397e+00 +0.0000000000e+00 +0.0000000000e+00 +3.3354620045e+02 +1.3610071124e-03 +2.4764408599e+05
+7.6276821925e+03 +5.4518518399e+05 -5.1276821925e+00 +0.0000000000e+00 +0.0000000000e+00 +3.3407549082e+02 +1.2613663151e-03 +2.3545437614e+05
+7.7602358363e+03 +5.4316219208e+05 -5.2602358363e+00 +0.0000000000e+00 +0.0000000000e+00 +3.3458145636e+02 +1.1621312053e-03 +2.2283567791e+05
+7.8954405531e+03 +5.4102913795e+05 -5.3954405531e+00 +0.0000000000e+00 +0.0000000000e+00 +3.3506799725e+02 +1.0643619401e-03 +2.0981305781e+05
+8.0333493641e+03 +5.3877728921e+05 -5.5333493641e+00 +0.0000000000e+00 +0.0000000000e+00 +3.3555170269e+02 +9.7002154769e-04 +1.9642534920e+05
+8.1740163514e+03 +5.3639697349e+05 -5.6740163514e+00 +0.0000000000e+00 +0.0000000000e+00 +3.3604508224e+02 +8.9417261046e-04 +1.8272822530e+05
+8.3174966784e+03 +5.3387744951e+05 -5.8174966784e+00 +0.0000000000e+00 +0.0000000000e+00 +3.3654832938e+02 +8.2266072483e-04 +1.6879741742e+05
+8.4638466120e+03 +5.3120675652e+05 -5.9638466120e+00 +0.0000000000e+00 +0.0000000000e+00 +3.3705946567e+02 +7.5508655571e-04 +1.5473176765e+05
+8.6131235443e+03 +5.2837153783e+05 -6.1131235443e+00 +0.0000000000e+00 +0.0000000000e+00 +3.3756788742e+02 +6.9082963319e-04 +1.4065560533e+05
+8.7653860151e+03 +5.2535683317e+05 -6.2653860151e+00 +0.0000000000e+00 +0.0000000000e+00 +3.3806448575e+02 +6.2951569360e-04 +1.2671969533e+05
+8.9206937354e+03 +5.2214583336e+05 -6.4206937354e+00 +0.0000000000e+00 +0.0000000000e+00 +3.3855089331e+02 +5.7135273109e-04 +1.1309976977e+05
+9.0791076102e+03 +5.1871958905e+05 -6.5791076102e+00 +0.0000000000e+00 +0.0000000000e+00 +3.3903787785e+02 +5.1683997880e-04 +9.9991523106e+04
+9.2406897624e+03 +5.1505666366e+05 -6.7406897624e+00 +0.0000000000e+00 +0.0000000000e+00 +3.3953460207e+02 +4.6623368566e-04 +8.7601087004e+04
+9.4055035576e+03 +5.1113271760e+05 -6.9055035576e+00 +0.0000000000e+00 +0.0000000000e+00 +3.4004126078e+02 +4.1937192141e-04 +7.6130604011e+04
+9.5736136288e+03 +5.0692000777e+05 -7.0736136288e+00 +0.0000000000e+00 +0.0000000000e+00 +3.4055292156e+02 +3.7594623834e-04 +6.5759718129e+04
+9.7450859013e+03 +5.0238678227e+05 -7.2450859013e+00 +0.0000000000e+00 +0.0000000000e+00 +3.4105225503e+02 +3.3539355296e-04 +5.6625477212e+04
+9.9199876194e+03 +4.9749654420e+05 -7.4199876194e+00 +0.0000000000e+00 +0.0000000000e+00 +3.4152609071e+02 +2.9742729702e-04 +4.8804756107e+04
+1.0098387372e+04 +4.9220715167e+05 -7.5983873717e+00 +0.0000000000e+00 +0.0000000000e+00 +3.4197865411e+02 +2.6221553076e-04 +4.2303942705e+04
+1.0280355119e+04 +4.8646971145e+05 -7.7803551192e+00 +0.0000000000e+00 +0.0000000000e+00 +3.4242729214e+02 +2.3007662544e-04 +3.7059446336e+04
+1.0465962222e+04 +4.8022721162e+05 -7.9659622216e+00 +0.0000000000e+00 +0.0000000000e+00 +3.4288490294e+02 +2.0107843546e-04 +3.2949576318e+04
+1.0655281466e+04 +4.7341282219e+05 -8.1552814660e+00 +0.0000000000e+00 +0.0000000000e+00 +3.4335166596e+02 +1.7500787876e-04 +2.9814698745e+04
+1.0848387095e+04 +4.6594777258e+05 -8.3483870953e+00 +0.0000000000e+00 +0.0000000000e+00 +3.4382237906e+02 +1.5159412177e-04 +2.7480149777e+04
+1.1045354837e+04 +4.5773868780e+05 -8.5453548372e+00 +0.0000000000e+00 +0.0000000000e+00 +3.4428461962e+02 +1.3053261955e-04 +2.5776351790e+04
+1.1246261934e+04 +4.4867423295e+05 -8.7462619340e+00 +0.0000000000e+00 +0.0000000000e+00 +3.4473079488e+02 +1.1163343003e-04 +2.4552636867e+04
+1.1451187173e+04 +4.3862087718e+05 -8.9511871726e+00 +0.0000000000e+00 +0.0000000000e+00 +3.4516579210e+02 +9.4830237029e-05 +2.3684022324e+04
+1.1660210916e+04 +4.2741754880e+05 -9.1602109161e+00 +0.0000000000e+00 +0.0000000000e+00 +3.4560658016e+02 +8.0098880933e-05 +2.3072240028e+04
+1.1873415134e+04 +4.1486892594e+05 -9.3734151344e+00 +0.0000000000e+00 +0.0000000000e+00 +3.4606539217e+02 +6.7316940576e-05 +2.2643154296e+04
+1.2090883437e+04 +4.0073712779e+05 -9.5908834371e+00 +0.0000000000e+00 +0.0000000000e+00 +3.4654283110e+02 +5.6276611487e-05 +2.2342550912e+04
+1.2312701106e+04 +3.8473172533e+05 -9.8127011059e+00 +0.0000000000e+00 +0.0000000000e+00 +3.4704460147e+02 +4.6805245654e-05 +2.2131673547e+04
+1.2538955128e+04 +3.6649848110e+05 -1.0038955128e+01 +0.0000000000e+00 +0.0000000000e+00 +3.4758765813e+02 +3.8768094290e-05 +2.1983249199e+04
+1.2769734231e+04 +3.4560852989e+05 -1.0269734231e+01 +0.0000000000e+00 +0.0000000000e+00 +3.4818471082e+02 +3.2001649279e-05 +2.1878279121e+04
+1.3005128915e+04 +3.2155291876e+05 -1.0505128915e+01 +0.0000000000e+00 +0.0000000000e+00 +3.4882724208e+02 +2.6298618412e-05 +2.1803603155e+04
+1.3245231493e+04 +2.9375500551e+05 -1.0745231493e+01 +0.0000000000e+00 +0.0000000000e+00 +3.4953709597e+02 +2.1546470595e-05 +2.1750125080e+04
+1.3490136123e+04 +2.6163043142e+05 -1.0990136123e+01 +0.0000000000e+00 +0.0000000000e+00 +3.5035501829e+02 +1.7652910137e-05 +2.1711554264e+04
+1.3739938846e+04 +2.2476073200e+05 -1.1239938846e+01 +0.0000000000e+00 +0.0000000000e+00 +3.5129119153e+02 +1.4470184261e-05 +2.1683529110e+04
+1.3994737623e+04 +1.8330989584e+05 -1.1494737623e+01 +0.0000000000e+00 +0.0000000000e+00 +3.5232077479e+02 +1.1837930034e-05 +2.1663013145e+04
+1.4254632375e+04 +1.3885745432e+05 -1.1754632375e+01 +0.0000000000e+00 +0.0000000000e+00 +3.5351006451e+02 +9.7157677024e-06 +2.1647881452e+04
+1.4519725023e+04 +9.5541238387e+04 -1.2019725023e+01 +0.0000000000e+00 +0.0000000000e+00 +3.5496216856e+02 +7.8843479384e-06 +2.1636638161e+04
+1.4790119523e+04 +6.0054396081e+04 -1.2290119523e+01 +0.0000000000e+00 +0.0000000000e+00 +3.5667007743e+02 +6.4604088903e-06 +2.1628223405e+04
+1.5076844781e+04 +3.7116945878e+04 -1.2576844781e+01 +0.0000000000e+00 +0.0000000000e+00 +3.5867665706e+02 +5.2862297519e-06 +2.1621666655e+04
+1.5392242564e+04 +2.6447254023e+04 -1.2892242564e+01 +0.0000000000e+00 +0.0000000000e+00 +3.6128980934e+02 +4.3576520022e-06 +2.1616419663e+04
+1.5739180125e+04 +2.2931337790e+04 -1.3201078993e+01 +0.0000000000e+00 +0.0000000000e+00 +3.6486879968e+02 +3.7090316783e-06 +2.1612286093e+04
+1.6120811443e+04 +2.1969067771e+04 -1.3358175125e+01 +0.0000000000e+00 +0.0000000000e+00 +3.6946964508e+02 +3.2497902080e-06 +2.1609079465e+04
+1.6540605892e+04 +2.1710954917e+04 -1.3288820277e+01 +0.0000000000e+00 +0.0000000000e+00 +3.7567633154e+02 +3.0493070360e-06 +2.1606629070e+04
+1.7002379786e+04 +2.1636806688e+04 -1.2915566524e+01 +0.0000000000e+00 +0.0000000000e+00 +3.8452339633e+02 +3.2911601989e-06 +2.1604783719e+04
+1.7494261350e+04 +2.1613784540e+04 -1.2186595949e+01 +0.0000000000e+00 +0.0000000000e+00 +3.9620556274e+02 +4.1491079208e-06 +2.1603449010e+04
+1.7994261350e+04 +2.1605915534e+04 -1.1126450325e+01 +0.0000000000e+00 +0.0000000000e+00 +4.0974900247e+02 +5.5534478364e-06 +2.1602521416e+04
+1.8494261350e+04 +2.1602849998e+04 -9.7967339480e+00 +0.0000000000e+00 +0.0000000000e+00 +4.2414695943e+02 +6.7674730200e-06 +2.1601875632e+04
+1.8994261350e+04 +2.1601501215e+04 -8.2683711370e+00 +0.0000000000e+00 +0.0000000000e+00 +4.3939673923e+02 +7.1278268709e-06 +2.1601417236e+04
+1.9494261350e+04 +2.1600848514e+04 -6.6276831425e+00 +0.0000000000e+00 +0.0000000000e+00 +4.5517321950e+02 +6.0693610421e-06 +2.1601086106e+04
+1.9994261350e+04 +2.1600507689e+04 -4.9722027148e+00 +0.0000000000e+00 +0.0000000000e+00 +4.7069597631e+02 +3.9392320615e-06 +2.1600843078e+04
+2.0494261350e+04 +2.1600318329e+04 -3.4056467235e+00 +0.0000000000e+00 +0.0000000000e+00 +4.8552333222e+02 +2.6524166041e-06 +2.1600662115e+04
+2.0994261350e+04 +2.1600207567e+04 -2.0323057764e+00 +0.0000000000e+00 +0.0000000000e+00 +5.0051749130e+02 +2.6231542189e-06 +2.1600525574e+04
+2.1494261350e+04 +2.1600139911e+04 -9.5115270528e-01 +0.0000000000e+00 +0.0000000000e+00 +5.1584913514e+02 +2.6217687077e-06 +2.1600421295e+04
+2.1994261350e+04 +2.1600097031e+04 -2.4999853355e-01 +0.0000000000e+00 +0.0000000000e+00 +5.3118077899e+02 +2.6203831966e-06 +2.1600340764e+04
+2.2494261350e+04 +2.1600068975e+04 -3.3156467637e-05 +0.0000000000e+00 +0.0000000000e+00 +5.4651242283e+02 +2.6189976855e-06 +2.1600277930e+04
+2.2994261350e+04 +2.1600050101e+04 +0.0000000000e+00 +0.0000000000e+00 +0.0000000000e+00 +5.6184406667e+02 +2.6176121744e-06 +2.1600228435e+04
+2.3494261350e+04 +2.1600037092e+04 +0.0000000000e+00 +0.0000000000e+00 +0.0000000000e+00 +5.7717571052e+02 +2.6162266632e-06 +2.1600189103e+04
+2.3994261350e+04 +2.1600027929e+04 +0.0000000000e+00 +0.0000000000e+00 +0.0000000000e+00 +5.9305233711e+02 +2.6225339461e-06 +2.1600157589e+04
+2.4494261350e+04 +2.1600021351e+04 +0.0000000000e+00 +0.0000000000e+00 +0.0000000000e+00 +6.1028817019e+02 +2.6480273329e-06 +2.1600132145e+04
+2.4994261350e+04 +2.1600016545e+04 +0.0000000000e+00 +0.0000000000e+00 +0.0000000000e+00 +6.2752400328e+02 +2.6735207197e-06 +2.1600111454e+04
+2.5494261350e+04 +2.1600012980e+04 +0.0000000000e+00 +0.0000000000e+00 +0.0000000000e+00 +6.4475983637e+02 +2.6990141065e-06 +2.1600094516e+04
+2.5994261350e+04 +2.1600010298e+04 +0.0000000000e+00 +0.0000000000e+00 +0.0000000000e+00 +6.6199566946e+02 +2.7245074933e-06 +2.1600080563e+04
+2.6494261350e+04 +2.1600008253e+04 +0.0000000000e+00 +0.0000000000e+00 +0.0000000000e+00 +6.7942910774e+02 +2.7488389430e-06 +2.1600069001e+04
+2.6994261350e+04 +2.1600006677e+04 +0.0000000000e+00 +0.0000000000e+00 +0.0000000000e+00 +6.9879651936e+02 +2.7617984471e-06 +2.1600059366e+04
+2.7494261350e+04 +2.1600005448e+04 +0.0000000000e+00 +0.0000000000e+00 +0.0000000000e+00 +7.1816393098e+02 +2.7747579512e-06 +2.1600051295e+04
