# 
#     height         thl          qt            u            v          TKE
          20          299     0.016631         2.48            0     0.993333
          60          299    0.0166688         2.44            0         0.98
         100          299    0.0166987          2.4            0     0.966667
         140          299     0.016721         2.36            0     0.953333
         180          299    0.0167358         2.32            0         0.94
         220          299    0.0167435         2.28            0     0.926667
         260          299    0.0167442         2.24            0     0.913333
         300          299    0.0167382          2.2            0          0.9
         340          299    0.0167257         2.16            0     0.886667
         380          299    0.0167068         2.12            0     0.873333
         420          299    0.0166819         2.08            0         0.86
         460          299    0.0166511         2.04            0     0.846667
         500          299    0.0166146            2            0     0.833333
         540        299.2    0.0164329         1.96            0         0.82
         580        299.4    0.0162526         1.92            0     0.806667
         620        299.6    0.0160739         1.88            0     0.793333
         660        299.8    0.0158966         1.84            0         0.78
         700          300    0.0157209          1.8            0     0.766667
         740        300.2    0.0155466         1.76            0     0.753333
         780        300.4    0.0153738      1.71895            0         0.74
         820        300.6    0.0152024      1.67428            0     0.726667
         860        300.8    0.0150325      1.62588            0     0.713333
         900          301    0.0148641      1.57377            0          0.7
         940        301.2    0.0146971      1.51795            0     0.686667
         980        301.4    0.0145315      1.45847            0     0.673333
        1020        301.6    0.0143674      1.39534            0         0.66
        1060        301.8    0.0142047      1.32859            0     0.646667
        1100          302    0.0140434      1.25828            0     0.633333
        1140        302.2    0.0138835      1.18444            0         0.62
        1180        302.4    0.0137251      1.10713            0     0.606667
        1220        302.6     0.013568       1.0264            0     0.593333
        1260        302.8    0.0134124     0.942306            0         0.58
        1300          303    0.0132581     0.854924            0     0.566667
        1340        303.2    0.0131052     0.764321            0     0.553333
        1380        303.4    0.0129537     0.670572            0         0.54
        1420        303.6    0.0128036     0.573757            0     0.526667
        1460        303.8    0.0126548     0.473963            0     0.513333
        1500          304    0.0125074     0.371277            0          0.5
        1540        304.2    0.0123614     0.265794            0     0.486667
        1580        304.4    0.0122166     0.157611            0     0.473333
        1620        304.6    0.0120733    0.0468315            0         0.46
        1660        304.8    0.0119312     -0.06644            0     0.446667
        1700          305    0.0117905    -0.182094            0     0.433333
        1740        305.2    0.0116511    -0.300016            0         0.42
        1780        305.4     0.011513    -0.420092            0     0.406667
        1820        305.6    0.0113762      -0.5422            0     0.393333
        1860        305.8    0.0112407    -0.666218            0         0.38
        1900          306    0.0111064    -0.792021            0     0.366667
        1940        306.2    0.0109735     -0.91948            0     0.353333
        1980        306.4    0.0108418     -1.04846            0         0.34
        2020        306.6    0.0107114     -1.17884            0     0.326667
        2060        306.8    0.0105823     -1.31048            0     0.313333
        2100          307    0.0104544     -1.44323            0          0.3
        2140        307.2    0.0103278     -1.57697            0     0.286667
        2180        307.4    0.0102024     -1.71155            0     0.273333
        2220        307.6    0.0100782     -1.84683            0         0.26
        2260        307.8   0.00995521     -1.98266            0     0.246667
        2300          308   0.00983347     -2.11891            0     0.233333
        2340        308.2   0.00971293     -2.25543            0         0.22
        2380        308.4   0.00959359     -2.39208            0     0.206667
        2420        308.6   0.00947545     -2.52871            0     0.193333
        2460        308.8   0.00935848     -2.66518            0         0.18
        2500          309    0.0092427     -2.80134            0     0.166667
        2540        309.2   0.00912808     -2.93705            0     0.153333
        2580        309.4   0.00901463     -3.07217            0         0.14
        2620        309.6   0.00890233     -3.20655            0     0.126667
        2660        309.8   0.00879117     -3.34005            0     0.113333
        2700          310   0.00868116     -3.47254            0          0.1
        2740        310.2   0.00857227     -3.60388            0    0.0866667
        2780        310.4   0.00846451     -3.73392            0    0.0733333
        2820        310.6   0.00835787     -3.86253            0         0.06
        2860        310.8   0.00825233     -3.98959            0    0.0466667
        2900          311    0.0081479     -4.11496            0    0.0333333
        2940        311.2   0.00804456     -4.23851            0         0.02
        2980        311.4    0.0079423     -4.36012            0   0.00666667
        3020        311.6   0.00784112     -4.47967            0            0
      3060.4      311.802   0.00774001      -4.5982            0            0
     3101.61      312.008     0.007638     -4.71668            0            0
     3143.64      312.218    0.0075351     -4.83489            0            0
     3186.51      312.433   0.00743134     -4.95259            0            0
     3230.24      312.651   0.00732672     -5.06952            0            0
     3274.85      312.874   0.00722128      -5.1854            0            0
     3320.35      313.102   0.00711504     -5.29994            0            0
     3366.75      313.334   0.00700803     -5.41282            0            0
     3414.09       313.57   0.00690026     -5.52372            0            0
     3462.37      313.812   0.00679178     -5.63229            0            0
     3511.62      314.058    0.0066826     -5.73816            0            0
     3561.85      314.309   0.00657276     -5.84095            0            0
     3613.09      314.565   0.00646229     -5.94026            0            0
     3665.35      314.827   0.00635123     -6.03568            0            0
     3718.65      315.093   0.00623961     -6.12677            0            0
     3773.03      315.365   0.00612747      -6.2131            0            0
     3828.49      315.642   0.00601486     -6.29421            0            0
     3885.06      315.925    0.0059018     -6.36964            0            0
     3942.76      316.214   0.00578834     -6.43893            0            0
     4001.61      316.508   0.00567453     -6.50161            0            0
     4061.65      316.808    0.0055604     -6.55721            0            0
     4122.88      317.114   0.00544602     -6.60526            0            0
     4185.34      317.427   0.00533143     -6.64532            0            0
     4249.04      317.745   0.00521667     -6.67695            0            0
     4314.02       318.07   0.00510181     -6.69973            0            0
      4380.3      318.402   0.00498688     -6.71327            0            0
     4447.91       318.74   0.00487196     -6.71722            0            0
     4516.87      319.084   0.00475709     -6.71127            0            0
     4587.21      319.436   0.00464233     -6.69516            0            0
     4658.95      319.795   0.00452775      -6.6687            0            0
     4732.13      320.161    0.0044134     -6.63176            0            0
     4806.77      320.534   0.00429935      -6.5843            0            0
     4882.91      320.915   0.00418565     -6.52636            0            0
     4960.57      321.303   0.00407237     -6.45811            0            0
     5039.78      321.699   0.00395959      -6.3798            0            0
     5120.57      322.103   0.00384735     -6.29184            0            0
     5202.98      322.515   0.00373574     -6.19478            0            0
     5287.04      322.935   0.00362481      -6.0893            0            0
     5372.78      323.364   0.00351464     -5.97627            0            0
     5460.24      323.801    0.0034053     -5.85672            0            0
     5549.44      324.247   0.00329685     -5.73187            0            0
     5640.43      324.702   0.00318936     -5.60314            0            0
     5733.24      325.166   0.00307891     -5.47214            0            0
     5827.91       325.64   0.00296707      -5.3407            0            0
     5924.47      326.122   0.00285561     -5.21084            0            0
     6022.95      326.615   0.00274467      -5.0848            0            0
     6123.41      327.117   0.00263438       -4.965            0            0
     6225.88      327.629   0.00252486     -4.85407            0            0
      6330.4      328.152   0.00241624     -4.75478            0            0
     6437.01      328.685   0.00230865     -4.67008            0            0
     6545.75      329.229   0.00220224     -4.60301            0            0
     6656.66      329.783   0.00209712     -4.55671            0            0
      6769.8      330.349   0.00199344     -4.53433            0            0
     6885.19      330.926   0.00189132     -4.53903            0            0
      7002.9      331.436   0.00178045     -4.57388            0            0
     7122.95      331.949   0.00167136     -4.64178            0            0
     7245.41      332.472   0.00156508     -4.74544            0            0
     7370.32      333.006   0.00146175     -4.87032            0            0
     7497.73      333.546   0.00136101     -4.99773            0            0
     7627.68      334.075   0.00126137     -5.12768            0            0
     7760.24      334.581   0.00116213     -5.26024            0            0
     7895.44      335.068   0.00106436     -5.39544            0            0
     8033.35      335.552  0.000970022     -5.53335            0            0
     8174.02      336.045  0.000894173     -5.67402            0            0
      8317.5      336.548  0.000822661      -5.8175            0            0
     8463.85      337.059  0.000755087     -5.96385            0            0
     8613.12      337.568   0.00069083     -6.11312            0            0
     8765.39      338.064  0.000629516     -6.26539            0            0
     8920.69      338.551  0.000571353     -6.42069            0            0
     9079.11      339.038   0.00051684     -6.57911            0            0
     9240.69      339.535  0.000466234     -6.74069            0            0
      9405.5      340.041  0.000419372      -6.9055            0            0
     9573.61      340.553  0.000375946     -7.07361            0            0
     9745.09      341.052  0.000335394     -7.24509            0            0
     9919.99      341.526  0.000297427     -7.41999            0            0
     10098.4      341.979  0.000262216     -7.59839            0            0
     10280.4      342.427  0.000230077     -7.78036            0            0
       10466      342.885  0.000201078     -7.96596            0            0
     10655.3      343.352  0.000175008     -8.15528            0            0
     10848.4      343.822  0.000151594     -8.34839            0            0
     11045.4      344.285  0.000130533     -8.54535            0            0
     11246.3      344.731  0.000111633     -8.74626            0            0
     11451.2      345.166  9.48302e-05     -8.95119            0            0
     11660.2      345.607  8.00989e-05     -9.16021            0            0
     11873.4      346.065  6.73169e-05     -9.37342            0            0
     12090.9      346.543  5.62766e-05     -9.59088            0            0
     12312.7      347.045  4.68052e-05      -9.8127            0            0
       12539      347.588  3.87681e-05      -10.039            0            0
     12769.7      348.185  3.20016e-05     -10.2697            0            0
     13005.1      348.827  2.62986e-05     -10.5051            0            0
     13245.2      349.537  2.15465e-05     -10.7452            0            0
     13490.1      350.355  1.76529e-05     -10.9901            0            0
     13739.9      351.291  1.44702e-05     -11.2399            0            0
     13994.7      352.321  1.18379e-05     -11.4947            0            0
     14254.6       353.51  9.71577e-06     -11.7546            0            0
     14519.7      354.962  7.88435e-06     -12.0197            0            0
     14790.1       356.67  6.46041e-06     -12.2901            0            0
     15076.8      358.677  5.28623e-06     -12.5768            0            0
     15392.2       361.29  4.35765e-06     -12.8922            0            0
     15739.2      364.869  3.70903e-06     -13.2011            0            0
     16120.8       369.47  3.24979e-06     -13.3582            0            0
     16540.6      375.676  3.04931e-06     -13.2888            0            0
     17002.4      384.523  3.29116e-06     -12.9156            0            0
     17494.3      396.206  4.14911e-06     -12.1866            0            0
     17994.3      409.749  5.55345e-06     -11.1265            0            0
     18494.3      424.147  6.76747e-06     -9.79673            0            0
     18994.3      439.397  7.12783e-06     -8.26837            0            0
     19494.3      455.173  6.06936e-06     -6.62768            0            0
     19994.3      470.696  3.93923e-06      -4.9722            0            0
     20494.3      485.523  2.65242e-06     -3.40565            0            0
     20994.3      500.517  2.62315e-06     -2.03231            0            0
     21494.3      515.849  2.62177e-06    -0.951153            0            0
     21994.3      531.181  2.62038e-06    -0.249999            0            0
     22494.3      546.512    2.619e-06 -3.31565e-05            0            0
     22994.3      561.844  2.61761e-06            0            0            0
     23494.3      577.176  2.61623e-06            0            0            0
     23994.3      593.052  2.62253e-06            0            0            0
     24494.3      610.288  2.64803e-06            0            0            0
     24994.3      627.524  2.67352e-06            0            0            0
     25494.3       644.76  2.69901e-06            0            0            0
     25994.3      661.996  2.72451e-06            0            0            0
     26494.3      679.429  2.74884e-06            0            0            0
     26994.3      698.797   2.7618e-06            0            0            0
     27494.3      718.164  2.77476e-06            0            0            0
